Supplemental results for CODEML (seqf: align.fa  treef: tree.nwk)


MLEs of dN/dS (w) for site classes (K=4)

site class             0        1       2a       2b
proportion       0.45465  0.54535  0.00000  0.00000
background w     0.17931  1.00000  0.17931  1.00000
foreground w     0.17931  1.00000  1.00000  1.00000

Naive Empirical Bayes (NEB) probabilities for 4 classes
(amino acids refer to 1st sequence: xeno|270561947)

   1 M   0.99538 0.00462 0.00000 0.00000 ( 1)
   2 S   0.98073 0.01927 0.00000 0.00000 ( 1)
   3 V   0.07754 0.92246 0.00000 0.00000 ( 2)
   4 W   0.42384 0.57616 0.00000 0.00000 ( 2)
   5 F   0.57028 0.42972 0.00000 0.00000 ( 1)
   6 T   0.00067 0.99933 0.00000 0.00000 ( 2)
   7 W   0.53973 0.46027 0.00000 0.00000 ( 1)
   8 A   0.17414 0.82586 0.00000 0.00000 ( 2)
   9 F   0.58789 0.41211 0.00000 0.00000 ( 1)
  10 L   0.91539 0.08461 0.00000 0.00000 ( 1)
  11 I   0.02664 0.97336 0.00000 0.00000 ( 2)
  12 S   0.12101 0.87899 0.00000 0.00000 ( 2)
  13 Q   0.00119 0.99881 0.00000 0.00000 ( 2)
  14 C   0.41067 0.58933 0.00000 0.00000 ( 2)
  15 F   0.57127 0.42873 0.00000 0.00000 ( 1)
  16 V   0.46236 0.53764 0.00000 0.00000 ( 2)
  17 L   0.01298 0.98702 0.00000 0.00000 ( 2)
  18 Q   0.02536 0.97464 0.00000 0.00000 ( 2)
  19 I   0.68313 0.31687 0.00000 0.00000 ( 1)
  20 A   0.79066 0.20934 0.00000 0.00000 ( 1)
  21 G   0.96934 0.03066 0.00000 0.00000 ( 1)
  22 L   0.07215 0.92785 0.00000 0.00000 ( 2)
  23 L   0.57549 0.42451 0.00000 0.00000 ( 1)
  24 H   0.94982 0.05018 0.00000 0.00000 ( 1)
  25 P   0.67047 0.32953 0.00000 0.00000 ( 1)
  26 P   0.98644 0.01356 0.00000 0.00000 ( 1)
  27 L   0.04226 0.95774 0.00000 0.00000 ( 2)
  28 N   0.99292 0.00708 0.00000 0.00000 ( 1)
  29 V   0.95297 0.04703 0.00000 0.00000 ( 1)
  30 T   0.15223 0.84777 0.00000 0.00000 ( 2)
  31 T   0.25156 0.74844 0.00000 0.00000 ( 2)
  32 I   0.78314 0.21686 0.00000 0.00000 ( 1)
  33 S   0.95470 0.04530 0.00000 0.00000 ( 1)
  34 R   0.68878 0.31122 0.00000 0.00000 ( 1)
  35 N   0.98612 0.01388 0.00000 0.00000 ( 1)
  36 F   0.10777 0.89223 0.00000 0.00000 ( 2)
  37 R   0.96640 0.03360 0.00000 0.00000 ( 1)
  38 L   0.93740 0.06260 0.00000 0.00000 ( 1)
  39 F   0.99199 0.00801 0.00000 0.00000 ( 1)
  40 L   0.95825 0.04175 0.00000 0.00000 ( 1)
  41 T   0.88286 0.11714 0.00000 0.00000 ( 1)
  42 W   0.86898 0.13102 0.00000 0.00000 ( 1)
  43 A   0.65663 0.34337 0.00000 0.00000 ( 1)
  44 P   0.98231 0.01769 0.00000 0.00000 ( 1)
  45 D   0.32768 0.67232 0.00000 0.00000 ( 2)
  46 P   0.24055 0.75945 0.00000 0.00000 ( 2)
  47 R   0.00265 0.99735 0.00000 0.00000 ( 2)
  48 N   0.80435 0.19565 0.00000 0.00000 ( 1)
  49 P   0.55022 0.44978 0.00000 0.00000 ( 1)
  50 P   0.43124 0.56876 0.00000 0.00000 ( 2)
  51 N   0.05076 0.94924 0.00000 0.00000 ( 2)
  52 V   0.98503 0.01497 0.00000 0.00000 ( 1)
  53 S   0.43604 0.56396 0.00000 0.00000 ( 2)
  54 Y   0.98368 0.01632 0.00000 0.00000 ( 1)
  55 Q   0.33095 0.66905 0.00000 0.00000 ( 2)
  56 V   0.97951 0.02049 0.00000 0.00000 ( 1)
  57 A   0.03210 0.96790 0.00000 0.00000 ( 2)
  58 Y   0.96136 0.03864 0.00000 0.00000 ( 1)
  59 Y   0.00317 0.99683 0.00000 0.00000 ( 2)
  60 M   0.17144 0.82856 0.00000 0.00000 ( 2)
  61 F   0.07500 0.92500 0.00000 0.00000 ( 2)
  62 I   0.06375 0.93625 0.00000 0.00000 ( 2)
  63 E   0.11733 0.88267 0.00000 0.00000 ( 2)
  64 K   0.36576 0.63424 0.00000 0.00000 ( 2)
  65 K   0.90966 0.09034 0.00000 0.00000 ( 1)
  66 W   0.86898 0.13102 0.00000 0.00000 ( 1)
  67 N   0.42591 0.57409 0.00000 0.00000 ( 2)
  68 K   0.00024 0.99976 0.00000 0.00000 ( 2)
  69 -   0.74069 0.25931 0.00000 0.00000 ( 1)
  70 K   0.50085 0.49915 0.00000 0.00000 ( 1)
  71 N   0.00228 0.99772 0.00000 0.00000 ( 2)
  72 C   0.98318 0.01682 0.00000 0.00000 ( 1)
  73 R   0.09698 0.90302 0.00000 0.00000 ( 2)
  74 N   0.99463 0.00537 0.00000 0.00000 ( 1)
  75 I   0.86669 0.13331 0.00000 0.00000 ( 1)
  76 T   0.80858 0.19142 0.00000 0.00000 ( 1)
  77 G   0.05436 0.94564 0.00000 0.00000 ( 2)
  78 K   0.92306 0.07694 0.00000 0.00000 ( 1)
  79 E   0.86208 0.13792 0.00000 0.00000 ( 1)
  80 C   0.98737 0.01263 0.00000 0.00000 ( 1)
  81 D   0.21866 0.78134 0.00000 0.00000 ( 2)
  82 L   0.33166 0.66834 0.00000 0.00000 ( 2)
  83 T   0.96569 0.03431 0.00000 0.00000 ( 1)
  84 C   0.98318 0.01682 0.00000 0.00000 ( 1)
  85 L   0.01869 0.98131 0.00000 0.00000 ( 2)
  86 F   0.68156 0.31844 0.00000 0.00000 ( 1)
  87 Y   0.21770 0.78230 0.00000 0.00000 ( 2)
  88 T   0.18397 0.81603 0.00000 0.00000 ( 2)
  89 H   0.00235 0.99765 0.00000 0.00000 ( 2)
  90 N   0.23420 0.76580 0.00000 0.00000 ( 2)
  91 Y   0.67404 0.32596 0.00000 0.00000 ( 1)
  92 I   0.00085 0.99915 0.00000 0.00000 ( 2)
  93 V   0.98503 0.01497 0.00000 0.00000 ( 1)
  94 G   0.03427 0.96573 0.00000 0.00000 ( 2)
  95 V   0.94059 0.05941 0.00000 0.00000 ( 1)
  96 R   0.27771 0.72229 0.00000 0.00000 ( 2)
  97 T   0.39176 0.60824 0.00000 0.00000 ( 2)
  98 K   0.03172 0.96828 0.00000 0.00000 ( 2)
  99 F   0.71035 0.28965 0.00000 0.00000 ( 1)
 100 G   0.14666 0.85334 0.00000 0.00000 ( 2)
 101 S   0.83666 0.16334 0.00000 0.00000 ( 1)
 102 S   0.00073 0.99927 0.00000 0.00000 ( 2)
 103 M   0.49519 0.50481 0.00000 0.00000 ( 2)
 104 S   0.96766 0.03234 0.00000 0.00000 ( 1)
 105 K   0.05431 0.94569 0.00000 0.00000 ( 2)
 106 W   0.86898 0.13102 0.00000 0.00000 ( 1)
 107 E   0.62353 0.37647 0.00000 0.00000 ( 1)
 108 E   0.30495 0.69505 0.00000 0.00000 ( 2)
 109 I   0.67878 0.32122 0.00000 0.00000 ( 1)
 110 K   0.03208 0.96792 0.00000 0.00000 ( 2)
 111 D   0.98124 0.01876 0.00000 0.00000 ( 1)
 112 I   0.99058 0.00942 0.00000 0.00000 ( 1)
 113 S   0.00474 0.99526 0.00000 0.00000 ( 2)
 114 Y   0.95401 0.04599 0.00000 0.00000 ( 1)
 115 I   0.16261 0.83739 0.00000 0.00000 ( 2)
 116 F   0.77291 0.22709 0.00000 0.00000 ( 1)
 117 T   0.98484 0.01516 0.00000 0.00000 ( 1)
 118 V   0.92698 0.07302 0.00000 0.00000 ( 1)
 119 D   0.94141 0.05859 0.00000 0.00000 ( 1)
 120 P   0.97998 0.02002 0.00000 0.00000 ( 1)
 121 E   0.78325 0.21675 0.00000 0.00000 ( 1)
 122 A   0.89710 0.10290 0.00000 0.00000 ( 1)
 123 P   0.97974 0.02026 0.00000 0.00000 ( 1)
 124 T   0.21872 0.78128 0.00000 0.00000 ( 2)
 125 L   0.73694 0.26306 0.00000 0.00000 ( 1)
 126 E   0.69765 0.30235 0.00000 0.00000 ( 1)
 127 V   0.98503 0.01497 0.00000 0.00000 ( 1)
 128 K   0.57949 0.42051 0.00000 0.00000 ( 1)
 129 F   0.01487 0.98513 0.00000 0.00000 ( 2)
 130 V   0.82237 0.17763 0.00000 0.00000 ( 1)
 131 D   0.83733 0.16267 0.00000 0.00000 ( 1)
 132 K   0.09718 0.90282 0.00000 0.00000 ( 2)
 133 S   0.00585 0.99415 0.00000 0.00000 ( 2)
 134 M   0.04855 0.95145 0.00000 0.00000 ( 2)
 135 Y   0.10038 0.89962 0.00000 0.00000 ( 2)
 136 I   0.58491 0.41509 0.00000 0.00000 ( 1)
 137 N   0.45526 0.54474 0.00000 0.00000 ( 2)
 138 A   0.00325 0.99675 0.00000 0.00000 ( 2)
 139 A   0.00917 0.99083 0.00000 0.00000 ( 2)
 140 V   0.00072 0.99928 0.00000 0.00000 ( 2)
 141 K   0.01637 0.98363 0.00000 0.00000 ( 2)
 142 T   0.00399 0.99601 0.00000 0.00000 ( 2)
 143 P   0.97857 0.02143 0.00000 0.00000 ( 1)
 144 H   0.00005 0.99995 0.00000 0.00000 ( 2)
 145 C   0.95463 0.04537 0.00000 0.00000 ( 1)
 146 I   0.07562 0.92438 0.00000 0.00000 ( 2)
 147 K   0.00415 0.99585 0.00000 0.00000 ( 2)
 148 D   0.00104 0.99896 0.00000 0.00000 ( 2)
 149 I   0.02094 0.97906 0.00000 0.00000 ( 2)
 150 Y   0.14398 0.85602 0.00000 0.00000 ( 2)
 151 -   0.79742 0.20258 0.00000 0.00000 ( 1)
 152 -   0.00030 0.99970 0.00000 0.00000 ( 2)
 153 -   0.48305 0.51695 0.00000 0.00000 ( 2)
 154 N   0.01733 0.98267 0.00000 0.00000 ( 2)
 155 L   0.75301 0.24699 0.00000 0.00000 ( 1)
 156 K   0.00973 0.99027 0.00000 0.00000 ( 2)
 157 Y   0.91289 0.08711 0.00000 0.00000 ( 1)
 158 N   0.00234 0.99766 0.00000 0.00000 ( 2)
 159 I   0.81217 0.18783 0.00000 0.00000 ( 1)
 160 E   0.04078 0.95922 0.00000 0.00000 ( 2)
 161 N   0.02265 0.97735 0.00000 0.00000 ( 2)
 162 A   0.10002 0.89998 0.00000 0.00000 ( 2)
 163 P   0.02476 0.97524 0.00000 0.00000 ( 2)
 164 K   0.04637 0.95363 0.00000 0.00000 ( 2)
 165 Q   0.61914 0.38086 0.00000 0.00000 ( 1)
 166 I   0.56268 0.43732 0.00000 0.00000 ( 1)
 167 K   0.76979 0.23021 0.00000 0.00000 ( 1)
 168 F   0.59150 0.40850 0.00000 0.00000 ( 1)
 169 K   0.78320 0.21680 0.00000 0.00000 ( 1)
 170 E   0.84914 0.15086 0.00000 0.00000 ( 1)
 171 V   0.60625 0.39375 0.00000 0.00000 ( 1)
 172 K   0.00261 0.99739 0.00000 0.00000 ( 2)
 173 M   0.20514 0.79486 0.00000 0.00000 ( 2)
 174 N   0.00308 0.99692 0.00000 0.00000 ( 2)
 175 S   0.16884 0.83116 0.00000 0.00000 ( 2)
 176 A   0.43670 0.56330 0.00000 0.00000 ( 2)
 177 V   0.04606 0.95394 0.00000 0.00000 ( 2)
 178 I   0.26399 0.73601 0.00000 0.00000 ( 2)
 179 L   0.00374 0.99626 0.00000 0.00000 ( 2)
 180 D   0.88162 0.11838 0.00000 0.00000 ( 1)
 181 T   0.90168 0.09832 0.00000 0.00000 ( 1)
 182 T   0.68971 0.31029 0.00000 0.00000 ( 1)
 183 G   0.97070 0.02930 0.00000 0.00000 ( 1)
 184 L   0.42368 0.57632 0.00000 0.00000 ( 2)
 185 S   0.88146 0.11854 0.00000 0.00000 ( 1)
 186 G   0.96969 0.03031 0.00000 0.00000 ( 1)
 187 N   0.86323 0.13677 0.00000 0.00000 ( 1)
 188 Y   0.97345 0.02655 0.00000 0.00000 ( 1)
 189 C   0.98780 0.01220 0.00000 0.00000 ( 1)
 190 V   0.22305 0.77695 0.00000 0.00000 ( 2)
 191 E   0.89986 0.10014 0.00000 0.00000 ( 1)
 192 A   0.43091 0.56909 0.00000 0.00000 ( 2)
 193 L   0.20302 0.79698 0.00000 0.00000 ( 2)
 194 T   0.96886 0.03114 0.00000 0.00000 ( 1)
 195 V   0.22021 0.77979 0.00000 0.00000 ( 2)
 196 F   0.57190 0.42810 0.00000 0.00000 ( 1)
 197 T   0.59666 0.40334 0.00000 0.00000 ( 1)
 198 M   0.56133 0.43867 0.00000 0.00000 ( 1)
 199 E   0.00509 0.99491 0.00000 0.00000 ( 2)
 200 Q   0.13406 0.86594 0.00000 0.00000 ( 2)
 201 K   0.00302 0.99698 0.00000 0.00000 ( 2)
 202 K   0.99177 0.00823 0.00000 0.00000 ( 1)
 203 I   0.00010 0.99990 0.00000 0.00000 ( 2)
 204 S   0.98170 0.01830 0.00000 0.00000 ( 1)
 205 Q   0.02964 0.97036 0.00000 0.00000 ( 2)
 206 P   0.19443 0.80557 0.00000 0.00000 ( 2)
 207 S   0.95470 0.04530 0.00000 0.00000 ( 1)
 208 K   0.00006 0.99994 0.00000 0.00000 ( 2)
 209 P   0.98289 0.01711 0.00000 0.00000 ( 1)
 210 F   0.42096 0.57904 0.00000 0.00000 ( 2)
 211 C   0.95174 0.04826 0.00000 0.00000 ( 1)
 212 H   0.44526 0.55474 0.00000 0.00000 ( 2)
 213 L   0.39012 0.60988 0.00000 0.00000 ( 2)
 214 F   0.31498 0.68502 0.00000 0.00000 ( 2)
 215 -   0.19913 0.80087 0.00000 0.00000 ( 2)
 216 -   0.21917 0.78083 0.00000 0.00000 ( 2)
 217 K   0.94640 0.05360 0.00000 0.00000 ( 1)
 218 D   0.99496 0.00504 0.00000 0.00000 ( 1)
 219 E   0.22464 0.77536 0.00000 0.00000 ( 2)
 220 E   0.00027 0.99973 0.00000 0.00000 ( 2)
 221 Y   0.04291 0.95709 0.00000 0.00000 ( 2)
 222 N   0.56867 0.43133 0.00000 0.00000 ( 1)
 223 S   0.02435 0.97565 0.00000 0.00000 ( 2)
 224 G   0.04142 0.95858 0.00000 0.00000 ( 2)
 225 H   0.03013 0.96987 0.00000 0.00000 ( 2)
 226 N   0.00757 0.99243 0.00000 0.00000 ( 2)
 227 W   0.00042 0.99958 0.00000 0.00000 ( 2)
 228 S   0.00795 0.99205 0.00000 0.00000 ( 2)
 229 F   0.02502 0.97498 0.00000 0.00000 ( 2)
 230 A   0.02074 0.97926 0.00000 0.00000 ( 2)
 231 V   0.08881 0.91119 0.00000 0.00000 ( 2)
 232 L   0.00310 0.99690 0.00000 0.00000 ( 2)
 233 I   0.16218 0.83782 0.00000 0.00000 ( 2)
 234 L   0.01741 0.98259 0.00000 0.00000 ( 2)
 235 F   0.00733 0.99267 0.00000 0.00000 ( 2)
 236 P   0.00489 0.99511 0.00000 0.00000 ( 2)
 237 I   0.22831 0.77169 0.00000 0.00000 ( 2)
 238 L   0.27325 0.72675 0.00000 0.00000 ( 2)
 239 L   0.00200 0.99800 0.00000 0.00000 ( 2)
 240 I   0.01051 0.98949 0.00000 0.00000 ( 2)
 241 S   0.04375 0.95625 0.00000 0.00000 ( 2)
 242 G   0.00955 0.99045 0.00000 0.00000 ( 2)
 243 I   0.02055 0.97945 0.00000 0.00000 ( 2)
 244 L   0.24543 0.75457 0.00000 0.00000 ( 2)
 245 L   0.59742 0.40258 0.00000 0.00000 ( 1)
 246 Y   0.21799 0.78201 0.00000 0.00000 ( 2)
 247 T   0.00224 0.99776 0.00000 0.00000 ( 2)
 248 S   0.00357 0.99643 0.00000 0.00000 ( 2)
 249 -   0.53505 0.46495 0.00000 0.00000 ( 1)
 250 -   0.55768 0.44232 0.00000 0.00000 ( 1)
 251 -   0.52199 0.47801 0.00000 0.00000 ( 1)
 252 -   0.91178 0.08822 0.00000 0.00000 ( 1)
 253 -   0.39255 0.60745 0.00000 0.00000 ( 2)
 254 -   0.82900 0.17100 0.00000 0.00000 ( 1)
 255 -   0.03044 0.96956 0.00000 0.00000 ( 2)
 256 -   0.87869 0.12131 0.00000 0.00000 ( 1)
 257 -   0.18048 0.81952 0.00000 0.00000 ( 2)
 258 S   0.09749 0.90251 0.00000 0.00000 ( 2)
 259 P   0.53166 0.46834 0.00000 0.00000 ( 1)
 260 D   0.98687 0.01313 0.00000 0.00000 ( 1)
 261 I   0.16347 0.83653 0.00000 0.00000 ( 2)
 262 L   0.59315 0.40685 0.00000 0.00000 ( 1)
 263 A   0.01941 0.98059 0.00000 0.00000 ( 2)
 264 K   0.00892 0.99108 0.00000 0.00000 ( 2)
 265 Q   0.60778 0.39222 0.00000 0.00000 ( 1)
 266 R   0.03960 0.96040 0.00000 0.00000 ( 2)
 267 G   0.04695 0.95305 0.00000 0.00000 ( 2)
 268 Q   0.19825 0.80175 0.00000 0.00000 ( 2)
 269 L   0.35821 0.64179 0.00000 0.00000 ( 2)
 270 L   0.19158 0.80842 0.00000 0.00000 ( 2)
 271 W   0.00083 0.99917 0.00000 0.00000 ( 2)
 272 I   0.10073 0.89927 0.00000 0.00000 ( 2)
 273 F   0.08466 0.91534 0.00000 0.00000 ( 2)
 274 P   0.95760 0.04240 0.00000 0.00000 ( 1)
 275 D   0.00967 0.99033 0.00000 0.00000 ( 2)
 276 -   0.28342 0.71658 0.00000 0.00000 ( 2)
 277 -   0.39353 0.60647 0.00000 0.00000 ( 2)
 278 -   0.04841 0.95159 0.00000 0.00000 ( 2)
 279 -   0.89272 0.10728 0.00000 0.00000 ( 1)
 280 -   0.01976 0.98024 0.00000 0.00000 ( 2)
 281 -   0.18586 0.81414 0.00000 0.00000 ( 2)
 282 -   0.16299 0.83701 0.00000 0.00000 ( 2)
 283 -   0.48023 0.51977 0.00000 0.00000 ( 2)
 284 -   0.88711 0.11289 0.00000 0.00000 ( 1)
 285 -   0.01796 0.98204 0.00000 0.00000 ( 2)
 286 -   0.63440 0.36560 0.00000 0.00000 ( 1)
 287 -   0.00382 0.99618 0.00000 0.00000 ( 2)
 288 -   0.00468 0.99532 0.00000 0.00000 ( 2)
 289 -   0.52694 0.47306 0.00000 0.00000 ( 1)
 290 -   0.02084 0.97916 0.00000 0.00000 ( 2)
 291 -   0.56506 0.43494 0.00000 0.00000 ( 1)
 292 -   0.82044 0.17956 0.00000 0.00000 ( 1)
 293 -   0.12034 0.87966 0.00000 0.00000 ( 2)
 294 -   0.42125 0.57875 0.00000 0.00000 ( 2)
 295 -   0.41653 0.58347 0.00000 0.00000 ( 2)
 296 -   0.83885 0.16115 0.00000 0.00000 ( 1)
 297 -   0.91178 0.08822 0.00000 0.00000 ( 1)
 298 -   0.18708 0.81292 0.00000 0.00000 ( 2)
 299 -   0.35259 0.64741 0.00000 0.00000 ( 2)
 300 -   0.15757 0.84243 0.00000 0.00000 ( 2)
 301 -   0.54668 0.45332 0.00000 0.00000 ( 1)
 302 -   0.66386 0.33614 0.00000 0.00000 ( 1)
 303 -   0.03618 0.96382 0.00000 0.00000 ( 2)
 304 -   0.02574 0.97426 0.00000 0.00000 ( 2)
 305 -   0.25273 0.74727 0.00000 0.00000 ( 2)
 306 -   0.93259 0.06741 0.00000 0.00000 ( 1)
 307 -   0.83954 0.16046 0.00000 0.00000 ( 1)
 308 -   0.41607 0.58393 0.00000 0.00000 ( 2)
 309 -   0.23417 0.76583 0.00000 0.00000 ( 2)
 310 -   0.89322 0.10678 0.00000 0.00000 ( 1)
 311 -   0.78153 0.21847 0.00000 0.00000 ( 1)
 312 -   0.81539 0.18461 0.00000 0.00000 ( 1)
 313 -   0.43640 0.56360 0.00000 0.00000 ( 2)
 314 -   0.03456 0.96544 0.00000 0.00000 ( 2)
 315 -   0.77302 0.22698 0.00000 0.00000 ( 1)
 316 -   0.83134 0.16866 0.00000 0.00000 ( 1)
 317 -   0.78345 0.21655 0.00000 0.00000 ( 1)
 318 -   0.78153 0.21847 0.00000 0.00000 ( 1)
 319 -   0.92822 0.07178 0.00000 0.00000 ( 1)
 320 -   0.80729 0.19271 0.00000 0.00000 ( 1)
 321 -   0.69492 0.30508 0.00000 0.00000 ( 1)
 322 -   0.78843 0.21157 0.00000 0.00000 ( 1)
 323 -   0.90141 0.09859 0.00000 0.00000 ( 1)
 324 -   0.92822 0.07178 0.00000 0.00000 ( 1)
 325 -   0.47024 0.52976 0.00000 0.00000 ( 2)
 326 -   0.16014 0.83986 0.00000 0.00000 ( 2)
 327 -   0.78506 0.21494 0.00000 0.00000 ( 1)
 328 -   0.11131 0.88869 0.00000 0.00000 ( 2)
 329 -   0.10588 0.89412 0.00000 0.00000 ( 2)
 330 -   0.09750 0.90250 0.00000 0.00000 ( 2)
 331 -   0.90728 0.09272 0.00000 0.00000 ( 1)
 332 -   0.88537 0.11463 0.00000 0.00000 ( 1)
 333 -   0.06139 0.93861 0.00000 0.00000 ( 2)
 334 -   0.10632 0.89368 0.00000 0.00000 ( 2)
 335 -   0.17443 0.82557 0.00000 0.00000 ( 2)
 336 -   0.86898 0.13102 0.00000 0.00000 ( 1)
 337 -   0.78148 0.21852 0.00000 0.00000 ( 1)
 338 -   0.16261 0.83739 0.00000 0.00000 ( 2)
 339 -   0.81750 0.18250 0.00000 0.00000 ( 1)
 340 -   0.36215 0.63785 0.00000 0.00000 ( 2)
 341 -   0.85162 0.14838 0.00000 0.00000 ( 1)
 342 -   0.93459 0.06541 0.00000 0.00000 ( 1)
 343 -   0.88536 0.11464 0.00000 0.00000 ( 1)
 344 -   0.80072 0.19928 0.00000 0.00000 ( 1)
 345 -   0.83370 0.16630 0.00000 0.00000 ( 1)
 346 -   0.80072 0.19928 0.00000 0.00000 ( 1)
 347 -   0.86912 0.13088 0.00000 0.00000 ( 1)
 348 -   0.02161 0.97839 0.00000 0.00000 ( 2)
 349 -   0.12800 0.87200 0.00000 0.00000 ( 2)
 350 -   0.18299 0.81701 0.00000 0.00000 ( 2)
 351 -   0.38080 0.61920 0.00000 0.00000 ( 2)
 352 -   0.15046 0.84954 0.00000 0.00000 ( 2)
 353 -   0.12748 0.87252 0.00000 0.00000 ( 2)
 354 -   0.12901 0.87099 0.00000 0.00000 ( 2)
 355 -   0.28259 0.71741 0.00000 0.00000 ( 2)
 356 -   0.41727 0.58273 0.00000 0.00000 ( 2)
 357 -   0.09271 0.90729 0.00000 0.00000 ( 2)
 358 -   0.44253 0.55747 0.00000 0.00000 ( 2)
 359 -   0.93259 0.06741 0.00000 0.00000 ( 1)
 360 -   0.53390 0.46610 0.00000 0.00000 ( 1)
 361 -   0.41914 0.58086 0.00000 0.00000 ( 2)
 362 -   0.18110 0.81890 0.00000 0.00000 ( 2)
 363 -   0.59129 0.40871 0.00000 0.00000 ( 1)
 364 -   0.81734 0.18266 0.00000 0.00000 ( 1)
 365 -   0.80745 0.19255 0.00000 0.00000 ( 1)
 366 -   0.91467 0.08533 0.00000 0.00000 ( 1)
 367 -   0.22506 0.77494 0.00000 0.00000 ( 2)
 368 -   0.15347 0.84653 0.00000 0.00000 ( 2)
 369 -   0.46971 0.53029 0.00000 0.00000 ( 2)
 370 -   0.63378 0.36622 0.00000 0.00000 ( 1)
 371 -   0.33615 0.66385 0.00000 0.00000 ( 2)
 372 -   0.04539 0.95461 0.00000 0.00000 ( 2)
 373 -   0.01729 0.98271 0.00000 0.00000 ( 2)
 374 -   0.88570 0.11430 0.00000 0.00000 ( 1)
 375 -   0.34207 0.65793 0.00000 0.00000 ( 2)
 376 -   0.46705 0.53295 0.00000 0.00000 ( 2)
 377 -   0.36094 0.63906 0.00000 0.00000 ( 2)
 378 -   0.15870 0.84130 0.00000 0.00000 ( 2)
 379 -   0.86406 0.13594 0.00000 0.00000 ( 1)
 380 -   0.76578 0.23422 0.00000 0.00000 ( 1)
 381 -   0.86995 0.13005 0.00000 0.00000 ( 1)
 382 S   0.92595 0.07405 0.00000 0.00000 ( 1)
 383 A   0.87094 0.12906 0.00000 0.00000 ( 1)
 384 G   0.78426 0.21574 0.00000 0.00000 ( 1)
 385 N   0.73018 0.26982 0.00000 0.00000 ( 1)
 386 C   0.84086 0.15914 0.00000 0.00000 ( 1)
 387 V   0.03295 0.96705 0.00000 0.00000 ( 2)
 388 P   0.06584 0.93416 0.00000 0.00000 ( 2)
 389 Q   0.62019 0.37981 0.00000 0.00000 ( 1)
 390 S   0.04611 0.95389 0.00000 0.00000 ( 2)
 391 F   0.96669 0.03331 0.00000 0.00000 ( 1)


lnL = -5821.631121

Bayes Empirical Bayes (BEB) probabilities for 4 classes (class)
(amino acids refer to 1st sequence: xeno|270561947)

   1 M   0.95246 0.00398 0.04337 0.00019 ( 1)
   2 S   0.93936 0.01708 0.04276 0.00080 ( 1)
   3 V   0.05954 0.89690 0.00267 0.04089 ( 2)
   4 W   0.35810 0.59834 0.01611 0.02745 ( 2)
   5 F   0.51464 0.44181 0.02322 0.02034 ( 1)
   6 T   0.00064 0.95580 0.00003 0.04353 ( 2)
   7 W   0.39398 0.37792 0.19560 0.03250 ( 1)
   8 A   0.13596 0.83065 0.00391 0.02948 ( 2)
   9 F   0.52499 0.44694 0.01319 0.01488 ( 1)
  10 L   0.88938 0.07999 0.02763 0.00299 ( 1)
  11 I   0.01996 0.91771 0.00518 0.05714 ( 2)
  12 S   0.09354 0.87266 0.00270 0.03111 ( 2)
  13 Q   0.00107 0.92922 0.00033 0.06939 ( 2)
  14 C   0.30047 0.52999 0.12782 0.04171 ( 2)
  15 F   0.49462 0.47924 0.01111 0.01502 ( 1)
  16 V   0.33708 0.47727 0.14768 0.03796 ( 2)
  17 L   0.01034 0.95451 0.00032 0.03482 ( 2)
  18 Q   0.01980 0.94817 0.00050 0.03153 ( 2)
  19 I   0.62463 0.34647 0.01682 0.01208 ( 1)
  20 A   0.75518 0.21829 0.01911 0.00741 ( 1)
  21 G   0.94385 0.02831 0.02684 0.00101 ( 1)
  22 L   0.05610 0.91068 0.00157 0.03165 ( 2)
  23 L   0.52984 0.43795 0.01612 0.01608 ( 1)
  24 H   0.92555 0.05074 0.02205 0.00166 ( 1)
  25 P   0.60652 0.36258 0.01758 0.01332 ( 1)
  26 P   0.96091 0.01220 0.02646 0.00043 ( 1)
  27 L   0.03311 0.93211 0.00099 0.03379 ( 2)
  28 N   0.97072 0.00615 0.02293 0.00021 ( 1)
  29 V   0.92477 0.04319 0.03037 0.00167 ( 1)
  30 T   0.11930 0.84960 0.00297 0.02813 ( 2)
  31 T   0.19972 0.76963 0.00461 0.02604 ( 2)
  32 I   0.73196 0.24239 0.01767 0.00798 ( 1)
  33 S   0.92783 0.04210 0.02850 0.00157 ( 1)
  34 R   0.64744 0.32520 0.01645 0.01092 ( 1)
  35 N   0.96266 0.01232 0.02459 0.00043 ( 1)
  36 F   0.08368 0.88160 0.00256 0.03216 ( 2)
  37 R   0.94319 0.03394 0.02178 0.00109 ( 1)
  38 L   0.91100 0.05880 0.02802 0.00219 ( 1)
  39 F   0.97047 0.00710 0.02221 0.00023 ( 1)
  40 L   0.93110 0.03881 0.02865 0.00144 ( 1)
  41 T   0.85362 0.11928 0.02292 0.00418 ( 1)
  42 W   0.83922 0.12572 0.03000 0.00506 ( 1)
  43 A   0.59400 0.37843 0.01495 0.01263 ( 1)
  44 P   0.95844 0.01608 0.02493 0.00055 ( 1)
  45 D   0.25171 0.67462 0.04147 0.03220 ( 2)
  46 P   0.20013 0.76911 0.00511 0.02565 ( 2)
  47 R   0.00234 0.93311 0.00064 0.06391 ( 2)
  48 N   0.76281 0.21404 0.01638 0.00677 ( 1)
  49 P   0.48754 0.48352 0.01254 0.01641 ( 1)
  50 P   0.36682 0.60393 0.00919 0.02007 ( 2)
  51 N   0.03881 0.93016 0.00093 0.03011 ( 2)
  52 V   0.96165 0.01340 0.02450 0.00046 ( 1)
  53 S   0.37525 0.59281 0.01080 0.02114 ( 2)
  54 Y   0.96001 0.01471 0.02477 0.00050 ( 1)
  55 Q   0.26513 0.70573 0.00632 0.02281 ( 2)
  56 V   0.95643 0.01857 0.02437 0.00063 ( 1)
  57 A   0.02515 0.94060 0.00074 0.03351 ( 2)
  58 Y   0.93661 0.03583 0.02629 0.00128 ( 1)
  59 Y   0.00273 0.96319 0.00008 0.03400 ( 2)
  60 M   0.12797 0.84337 0.00272 0.02593 ( 2)
  61 F   0.05837 0.90905 0.00157 0.03101 ( 2)
  62 I   0.04846 0.92085 0.00114 0.02955 ( 2)
  63 E   0.08818 0.88280 0.00191 0.02711 ( 2)
  64 K   0.29458 0.67495 0.00769 0.02277 ( 2)
  65 K   0.87690 0.09241 0.02724 0.00345 ( 1)
  66 W   0.83922 0.12572 0.03000 0.00506 ( 1)
  67 N   0.36571 0.60582 0.00871 0.01976 ( 2)
  68 K   0.00023 0.92050 0.00009 0.07918 ( 2)
  69 -   0.69991 0.27069 0.01975 0.00965 ( 1)
  70 K   0.43516 0.53575 0.01115 0.01795 ( 2)
  71 N   0.00205 0.96434 0.00005 0.03356 ( 2)
  72 C   0.95868 0.01533 0.02547 0.00053 ( 1)
  73 R   0.07282 0.89651 0.00173 0.02894 ( 2)
  74 N   0.97416 0.00465 0.02104 0.00015 ( 1)
  75 I   0.64949 0.10555 0.23757 0.00738 ( 1)
  76 T   0.77106 0.19805 0.02356 0.00733 ( 1)
  77 G   0.04069 0.90290 0.00643 0.04998 ( 2)
  78 K   0.89612 0.07858 0.02264 0.00266 ( 1)
  79 E   0.82870 0.14158 0.02456 0.00516 ( 1)
  80 C   0.96261 0.01141 0.02558 0.00039 ( 1)
  81 D   0.16616 0.76865 0.02898 0.03620 ( 2)
  82 L   0.26617 0.70566 0.00598 0.02219 ( 2)
  83 T   0.93993 0.03147 0.02746 0.00114 ( 1)
  84 C   0.95868 0.01533 0.02547 0.00053 ( 1)
  85 L   0.01462 0.94569 0.00059 0.03910 ( 2)
  86 F   0.61997 0.34803 0.01910 0.01290 ( 1)
  87 Y   0.17843 0.78429 0.00629 0.03099 ( 2)
  88 T   0.14408 0.82729 0.00312 0.02551 ( 2)
  89 H   0.00199 0.96185 0.00006 0.03610 ( 2)
  90 N   0.17369 0.72973 0.05036 0.04623 ( 2)
  91 Y   0.62432 0.34580 0.01765 0.01223 ( 1)
  92 I   0.00081 0.95777 0.00004 0.04138 ( 2)
  93 V   0.96165 0.01340 0.02450 0.00046 ( 1)
  94 G   0.02673 0.93454 0.00098 0.03774 ( 2)
  95 V   0.91580 0.05548 0.02670 0.00203 ( 1)
  96 R   0.23143 0.73265 0.00775 0.02817 ( 2)
  97 T   0.33391 0.63503 0.00894 0.02211 ( 2)
  98 K   0.02453 0.94232 0.00067 0.03248 ( 2)
  99 F   0.65371 0.31895 0.01654 0.01080 ( 1)
 100 G   0.11380 0.85479 0.00290 0.02851 ( 2)
 101 S   0.80081 0.16859 0.02436 0.00624 ( 1)
 102 S   0.00070 0.93421 0.00020 0.06489 ( 2)
 103 M   0.42567 0.54553 0.01066 0.01813 ( 2)
 104 S   0.94507 0.02987 0.02405 0.00101 ( 1)
 105 K   0.04266 0.89410 0.00450 0.05875 ( 2)
 106 W   0.83922 0.12572 0.03000 0.00506 ( 1)
 107 E   0.56137 0.41191 0.01330 0.01343 ( 1)
 108 E   0.25338 0.71451 0.00712 0.02499 ( 2)
 109 I   0.62494 0.34961 0.01417 0.01128 ( 1)
 110 K   0.02460 0.93397 0.00102 0.04041 ( 2)
 111 D   0.96038 0.01830 0.02074 0.00058 ( 1)
 112 I   0.96893 0.00826 0.02254 0.00027 ( 1)
 113 S   0.00403 0.96235 0.00011 0.03351 ( 2)
 114 Y   0.92700 0.04276 0.02865 0.00160 ( 1)
 115 I   0.12820 0.84164 0.00294 0.02722 ( 2)
 116 F   0.72576 0.24979 0.01647 0.00798 ( 1)
 117 T   0.96165 0.01354 0.02435 0.00046 ( 1)
 118 V   0.89917 0.06867 0.02951 0.00265 ( 1)
 119 D   0.91886 0.05900 0.02027 0.00187 ( 1)
 120 P   0.95484 0.01822 0.02630 0.00064 ( 1)
 121 E   0.74552 0.22705 0.01938 0.00805 ( 1)
 122 A   0.86751 0.10638 0.02249 0.00362 ( 1)
 123 P   0.95149 0.01838 0.02944 0.00069 ( 1)
 124 T   0.17184 0.79871 0.00392 0.02553 ( 2)
 125 L   0.55200 0.21478 0.21734 0.01588 ( 1)
 126 E   0.63636 0.33761 0.01501 0.01102 ( 1)
 127 V   0.96165 0.01340 0.02450 0.00046 ( 1)
 128 K   0.51572 0.45729 0.01213 0.01486 ( 1)
 129 F   0.01184 0.95469 0.00033 0.03314 ( 2)
 130 V   0.78587 0.18532 0.02223 0.00657 ( 1)
 131 D   0.79656 0.18026 0.01747 0.00571 ( 1)
 132 K   0.07413 0.89251 0.00206 0.03130 ( 2)
 133 S   0.00477 0.93273 0.00127 0.06123 ( 2)
 134 M   0.03569 0.89811 0.00975 0.05644 ( 2)
 135 Y   0.07745 0.89126 0.00193 0.02936 ( 2)
 136 I   0.52211 0.45073 0.01247 0.01470 ( 1)
 137 N   0.37871 0.59093 0.00981 0.02055 ( 2)
 138 A   0.00275 0.95545 0.00035 0.04146 ( 2)
 139 A   0.00753 0.96053 0.00019 0.03175 ( 2)
 140 V   0.00063 0.87625 0.00133 0.12178 ( 2)
 141 K   0.01250 0.92451 0.00337 0.05961 ( 2)
 142 T   0.00320 0.92005 0.00074 0.07601 ( 2)
 143 P   0.95353 0.01954 0.02625 0.00069 ( 1)
 144 H   0.00006 0.94592 0.00001 0.05402 ( 2)
 145 C   0.92674 0.04240 0.02927 0.00160 ( 1)
 146 I   0.05819 0.90813 0.00167 0.03201 ( 2)
 147 K   0.00351 0.96353 0.00010 0.03287 ( 2)
 148 D   0.00096 0.96545 0.00003 0.03356 ( 2)
 149 I   0.01633 0.95030 0.00045 0.03292 ( 2)
 150 Y   0.11169 0.85571 0.00305 0.02954 ( 2)
 151 -   0.76295 0.21290 0.01733 0.00681 ( 1)
 152 -   0.00029 0.96410 0.00001 0.03560 ( 2)
 153 -   0.43635 0.53079 0.01335 0.01951 ( 2)
 154 N   0.01365 0.95017 0.00044 0.03573 ( 2)
 155 L   0.71022 0.25713 0.02289 0.00976 ( 1)
 156 K   0.00781 0.95885 0.00022 0.03312 ( 2)
 157 Y   0.88498 0.08928 0.02270 0.00304 ( 1)
 158 N   0.00211 0.95520 0.00023 0.04246 ( 2)
 159 I   0.77624 0.19447 0.02226 0.00704 ( 1)
 160 E   0.03184 0.93192 0.00103 0.03521 ( 2)
 161 N   0.01695 0.91428 0.00578 0.06299 ( 2)
 162 A   0.07509 0.89592 0.00160 0.02740 ( 2)
 163 P   0.01824 0.89969 0.00754 0.07454 ( 2)
 164 K   0.03557 0.93489 0.00076 0.02878 ( 2)
 165 Q   0.57113 0.39773 0.01680 0.01434 ( 1)
 166 I   0.42232 0.39507 0.15464 0.02796 ( 1)
 167 K   0.71998 0.25492 0.01668 0.00841 ( 1)
 168 F   0.52949 0.44249 0.01329 0.01473 ( 1)
 169 K   0.73362 0.24073 0.01770 0.00795 ( 1)
 170 E   0.81441 0.15684 0.02316 0.00559 ( 1)
 171 V   0.54251 0.43044 0.01300 0.01405 ( 1)
 172 K   0.00222 0.96117 0.00007 0.03654 ( 2)
 173 M   0.15684 0.81147 0.00403 0.02766 ( 2)
 174 N   0.00260 0.95806 0.00010 0.03924 ( 2)
 175 S   0.13269 0.83598 0.00343 0.02790 ( 2)
 176 A   0.37592 0.59160 0.01109 0.02139 ( 2)
 177 V   0.03535 0.93441 0.00080 0.02945 ( 2)
 178 I   0.20950 0.76016 0.00521 0.02513 ( 2)
 179 L   0.00306 0.93761 0.00043 0.05890 ( 2)
 180 D   0.84360 0.13228 0.01980 0.00432 ( 1)
 181 T   0.87182 0.09919 0.02539 0.00360 ( 1)
 182 T   0.62966 0.34303 0.01585 0.01146 ( 1)
 183 G   0.94508 0.02708 0.02687 0.00097 ( 1)
 184 L   0.36199 0.60481 0.01103 0.02217 ( 2)
 185 S   0.84449 0.13113 0.02007 0.00431 ( 1)
 186 G   0.94412 0.02804 0.02684 0.00100 ( 1)
 187 N   0.82203 0.15305 0.01987 0.00505 ( 1)
 188 Y   0.94693 0.02421 0.02798 0.00089 ( 1)
 189 C   0.96301 0.01102 0.02558 0.00038 ( 1)
 190 V   0.17663 0.79222 0.00432 0.02683 ( 2)
 191 E   0.87129 0.10419 0.02107 0.00345 ( 1)
 192 A   0.37287 0.59763 0.00946 0.02004 ( 2)
 193 L   0.15858 0.81189 0.00367 0.02586 ( 2)
 194 T   0.94678 0.02830 0.02396 0.00096 ( 1)
 195 V   0.17301 0.79740 0.00402 0.02557 ( 2)
 196 F   0.51565 0.45816 0.01163 0.01456 ( 1)
 197 T   0.53437 0.43885 0.01252 0.01426 ( 1)
 198 M   0.49182 0.47727 0.01384 0.01707 ( 1)
 199 E   0.00429 0.96570 0.00010 0.02991 ( 2)
 200 Q   0.10132 0.86646 0.00267 0.02954 ( 2)
 201 K   0.00272 0.96734 0.00006 0.02989 ( 2)
 202 K   0.96966 0.00724 0.02286 0.00024 ( 1)
 203 I   0.00011 0.93162 0.00003 0.06824 ( 2)
 204 S   0.95583 0.01670 0.02687 0.00059 ( 1)
 205 Q   0.02191 0.90327 0.00776 0.06706 ( 2)
 206 P   0.15122 0.81680 0.00407 0.02791 ( 2)
 207 S   0.92783 0.04210 0.02850 0.00157 ( 1)
 208 K   0.00008 0.93601 0.00002 0.06389 ( 2)
 209 P   0.95880 0.01554 0.02513 0.00053 ( 1)
 210 F   0.35811 0.61250 0.00889 0.02050 ( 2)
 211 C   0.92394 0.04518 0.02918 0.00170 ( 1)
 212 H   0.38496 0.58421 0.01031 0.02051 ( 2)
 213 L   0.31697 0.65608 0.00673 0.02023 ( 2)
 214 F   0.22677 0.64181 0.08511 0.04630 ( 2)
 215 -   0.16365 0.80651 0.00385 0.02600 ( 2)
 216 -   0.18022 0.78976 0.00434 0.02568 ( 2)
 217 K   0.92250 0.05402 0.02171 0.00177 ( 1)
 218 D   0.97401 0.00438 0.02147 0.00014 ( 1)
 219 E   0.16483 0.73759 0.04971 0.04787 ( 2)
 220 E   0.00029 0.96285 0.00001 0.03685 ( 2)
 221 Y   0.03292 0.93489 0.00084 0.03136 ( 2)
 222 N   0.50545 0.46748 0.01192 0.01515 ( 1)
 223 S   0.01905 0.94869 0.00049 0.03176 ( 2)
 224 G   0.03054 0.90148 0.00888 0.05911 ( 2)
 225 H   0.02395 0.94388 0.00062 0.03155 ( 2)
 226 N   0.00627 0.96334 0.00014 0.03025 ( 2)
 227 W   0.00041 0.93270 0.00012 0.06677 ( 2)
 228 S   0.00606 0.91097 0.00267 0.08029 ( 2)
 229 F   0.01863 0.90844 0.00648 0.06645 ( 2)
 230 A   0.01625 0.95097 0.00044 0.03235 ( 2)
 231 V   0.06328 0.85603 0.02096 0.05973 ( 2)
 232 L   0.00259 0.94051 0.00066 0.05624 ( 2)
 233 I   0.12823 0.83885 0.00353 0.02938 ( 2)
 234 L   0.01375 0.95230 0.00039 0.03355 ( 2)
 235 F   0.00603 0.95933 0.00016 0.03448 ( 2)
 236 P   0.00412 0.96338 0.00011 0.03239 ( 2)
 237 I   0.18512 0.78395 0.00468 0.02625 ( 2)
 238 L   0.21732 0.75375 0.00488 0.02405 ( 2)
 239 L   0.00155 0.85644 0.00609 0.13593 ( 2)
 240 I   0.00823 0.93499 0.00180 0.05498 ( 2)
 241 S   0.03322 0.92511 0.00150 0.04017 ( 2)
 242 G   0.00758 0.94886 0.00034 0.04322 ( 2)
 243 I   0.01610 0.95261 0.00038 0.03090 ( 2)
 244 L   0.20426 0.76157 0.00624 0.02793 ( 2)
 245 L   0.55488 0.41688 0.01399 0.01424 ( 1)
 246 Y   0.17863 0.78409 0.00630 0.03098 ( 2)
 247 T   0.00187 0.92162 0.00070 0.07581 ( 2)
 248 S   0.00299 0.95656 0.00036 0.04009 ( 2)
 249 -   0.48862 0.47651 0.01594 0.01893 ( 1)
 250 -   0.51419 0.45749 0.01287 0.01544 ( 1)
 251 -   0.47539 0.48891 0.01577 0.01993 ( 2)
 252 -   0.89196 0.08429 0.02097 0.00277 ( 1)
 253 -   0.35116 0.61617 0.01035 0.02231 ( 2)
 254 -   0.80508 0.16603 0.02296 0.00593 ( 1)
 255 -   0.02360 0.93041 0.00180 0.04419 ( 2)
 256 -   0.85676 0.11705 0.02220 0.00399 ( 1)
 257 -   0.14748 0.81828 0.00419 0.03004 ( 2)
 258 S   0.07514 0.88553 0.00263 0.03670 ( 2)
 259 P   0.48601 0.48021 0.01562 0.01815 ( 1)
 260 D   0.96661 0.01170 0.02131 0.00037 ( 1)
 261 I   0.12390 0.81709 0.02045 0.03857 ( 2)
 262 L   0.54797 0.42050 0.01622 0.01530 ( 1)
 263 A   0.01521 0.94889 0.00047 0.03542 ( 2)
 264 K   0.00717 0.95704 0.00023 0.03555 ( 2)
 265 Q   0.54669 0.42673 0.01273 0.01386 ( 1)
 266 R   0.03054 0.93752 0.00077 0.03117 ( 2)
 267 G   0.03653 0.92631 0.00124 0.03591 ( 2)
 268 Q   0.16175 0.80137 0.00558 0.03130 ( 2)
 269 L   0.30452 0.66680 0.00711 0.02157 ( 2)
 270 L   0.14899 0.81589 0.00433 0.03079 ( 2)
 271 W   0.00073 0.92485 0.00026 0.07416 ( 2)
 272 I   0.07815 0.89005 0.00204 0.02977 ( 2)
 273 F   0.06405 0.86887 0.02005 0.04703 ( 2)
 274 P   0.93170 0.03924 0.02762 0.00144 ( 1)
 275 D   0.00780 0.96057 0.00019 0.03143 ( 2)
 276 -   0.24915 0.71615 0.00775 0.02696 ( 2)
 277 -   0.35185 0.61511 0.01057 0.02247 ( 2)
 278 -   0.03875 0.91920 0.00140 0.04065 ( 2)
 279 -   0.86822 0.10258 0.02539 0.00381 ( 1)
 280 -   0.01532 0.93251 0.00282 0.04934 ( 2)
 281 -   0.15243 0.81752 0.00357 0.02648 ( 2)
 282 -   0.13302 0.83522 0.00348 0.02828 ( 2)
 283 -   0.43697 0.53418 0.01097 0.01788 ( 2)
 284 -   0.86566 0.10872 0.02195 0.00367 ( 1)
 285 -   0.01388 0.92958 0.00354 0.05301 ( 2)
 286 -   0.59346 0.38065 0.01347 0.01242 ( 1)
 287 -   0.00302 0.92229 0.00133 0.07336 ( 2)
 288 -   0.00385 0.96348 0.00010 0.03257 ( 2)
 289 -   0.48330 0.48521 0.01354 0.01795 ( 2)
 290 -   0.01589 0.91811 0.00507 0.06093 ( 2)
 291 -   0.52206 0.45064 0.01251 0.01479 ( 1)
 292 -   0.79615 0.17443 0.02310 0.00632 ( 1)
 293 -   0.09774 0.87027 0.00255 0.02944 ( 2)
 294 -   0.37959 0.58991 0.01007 0.02043 ( 2)
 295 -   0.37410 0.59336 0.01103 0.02151 ( 2)
 296 -   0.81478 0.15587 0.02370 0.00565 ( 1)
 297 -   0.89196 0.08429 0.02097 0.00277 ( 1)
 298 -   0.14860 0.79060 0.02362 0.03718 ( 2)
 299 -   0.27797 0.57827 0.10103 0.04273 ( 2)
 300 -   0.12237 0.79780 0.03360 0.04624 ( 2)
 301 -   0.50238 0.46892 0.01289 0.01581 ( 1)
 302 -   0.62456 0.35098 0.01337 0.01110 ( 1)
 303 -   0.02741 0.90850 0.00754 0.05656 ( 2)
 304 -   0.02007 0.93685 0.00085 0.04223 ( 2)
 305 -   0.20093 0.72788 0.03539 0.03581 ( 2)
 306 -   0.91382 0.06404 0.02011 0.00204 ( 1)
 307 -   0.81578 0.15559 0.02310 0.00553 ( 1)
 308 -   0.37362 0.59422 0.01082 0.02133 ( 2)
 309 -   0.19386 0.77593 0.00442 0.02578 ( 2)
 310 -   0.87432 0.10233 0.02001 0.00335 ( 1)
 311 -   0.75605 0.21280 0.02324 0.00791 ( 1)
 312 -   0.79170 0.17949 0.02239 0.00642 ( 1)
 313 -   0.39448 0.57458 0.01082 0.02012 ( 2)
 314 -   0.02657 0.92201 0.00441 0.04701 ( 2)
 315 -   0.74713 0.22137 0.02325 0.00825 ( 1)
 316 -   0.80745 0.16377 0.02295 0.00583 ( 1)
 317 -   0.75764 0.21092 0.02358 0.00786 ( 1)
 318 -   0.75605 0.21280 0.02324 0.00791 ( 1)
 319 -   0.90858 0.06856 0.02067 0.00219 ( 1)
 320 -   0.78254 0.18750 0.02315 0.00681 ( 1)
 321 -   0.66749 0.29835 0.02255 0.01162 ( 1)
 322 -   0.76264 0.20594 0.02374 0.00769 ( 1)
 323 -   0.88146 0.09444 0.02096 0.00313 ( 1)
 324 -   0.90858 0.06856 0.02067 0.00219 ( 1)
 325 -   0.42606 0.54286 0.01199 0.01909 ( 2)
 326 -   0.12967 0.82922 0.00530 0.03582 ( 2)
 327 -   0.76109 0.20945 0.02185 0.00760 ( 1)
 328 -   0.08636 0.83997 0.02455 0.04912 ( 2)
 329 -   0.08543 0.87712 0.00297 0.03449 ( 2)
 330 -   0.07896 0.88822 0.00215 0.03067 ( 2)
 331 -   0.88765 0.08903 0.02047 0.00286 ( 1)
 332 -   0.86424 0.11029 0.02165 0.00382 ( 1)
 333 -   0.04944 0.91578 0.00149 0.03329 ( 2)
 334 -   0.08611 0.88114 0.00237 0.03038 ( 2)
 335 -   0.14298 0.82781 0.00324 0.02597 ( 2)
 336 -   0.84763 0.12659 0.02149 0.00428 ( 1)
 337 -   0.75744 0.21347 0.02149 0.00760 ( 1)
 338 -   0.13276 0.83548 0.00351 0.02825 ( 2)
 339 -   0.79332 0.17720 0.02307 0.00642 ( 1)
 340 -   0.32172 0.64445 0.01000 0.02383 ( 2)
 341 -   0.82854 0.14371 0.02272 0.00504 ( 1)
 342 -   0.91632 0.06195 0.01976 0.00197 ( 1)
 343 -   0.86424 0.11020 0.02181 0.00374 ( 1)
 344 -   0.77602 0.19376 0.02311 0.00710 ( 1)
 345 -   0.80988 0.16145 0.02293 0.00574 ( 1)
 346 -   0.77602 0.19376 0.02311 0.00710 ( 1)
 347 -   0.84681 0.12642 0.02242 0.00436 ( 1)
 348 -   0.01726 0.94781 0.00056 0.03438 ( 2)
 349 -   0.09863 0.81989 0.03105 0.05042 ( 2)
 350 -   0.14897 0.81015 0.00496 0.03592 ( 2)
 351 -   0.33949 0.62762 0.01020 0.02270 ( 2)
 352 -   0.12515 0.84216 0.00342 0.02927 ( 2)
 353 -   0.10348 0.85785 0.00340 0.03528 ( 2)
 354 -   0.10527 0.86313 0.00272 0.02889 ( 2)
 355 -   0.24930 0.71547 0.00803 0.02720 ( 2)
 356 -   0.37489 0.59301 0.01085 0.02125 ( 2)
 357 -   0.07435 0.88360 0.00300 0.03906 ( 2)
 358 -   0.39926 0.56957 0.01119 0.01998 ( 2)
 359 -   0.91382 0.06404 0.02011 0.00204 ( 1)
 360 -   0.48966 0.48166 0.01253 0.01615 ( 1)
 361 -   0.37675 0.59186 0.01059 0.02080 ( 2)
 362 -   0.14867 0.82236 0.00332 0.02565 ( 2)
 363 -   0.54920 0.42478 0.01241 0.01361 ( 1)
 364 -   0.79213 0.17709 0.02421 0.00656 ( 1)
 365 -   0.78215 0.18701 0.02391 0.00693 ( 1)
 366 -   0.89520 0.08135 0.02078 0.00267 ( 1)
 367 -   0.19540 0.76744 0.00664 0.03052 ( 2)
 368 -   0.11588 0.78214 0.04417 0.05781 ( 2)
 369 -   0.42731 0.54424 0.01048 0.01797 ( 2)
 370 -   0.59379 0.38143 0.01269 0.01209 ( 1)
 371 -   0.29744 0.66912 0.00898 0.02446 ( 2)
 372 -   0.03614 0.92771 0.00119 0.03496 ( 2)
 373 -   0.01323 0.92092 0.00412 0.06173 ( 2)
 374 -   0.86409 0.10989 0.02224 0.00378 ( 1)
 375 -   0.30443 0.66414 0.00832 0.02311 ( 2)
 376 -   0.42225 0.54461 0.01302 0.02013 ( 2)
 377 -   0.32102 0.64424 0.01045 0.02429 ( 2)
 378 -   0.12946 0.83666 0.00386 0.03002 ( 2)
 379 -   0.84294 0.13133 0.02128 0.00446 ( 1)
 380 -   0.74039 0.22787 0.02302 0.00872 ( 1)
 381 -   0.84752 0.12574 0.02243 0.00432 ( 1)
 382 S   0.90023 0.06953 0.02763 0.00261 ( 1)
 383 A   0.84310 0.13414 0.01850 0.00426 ( 1)
 384 G   0.74591 0.22503 0.02108 0.00798 ( 1)
 385 N   0.67481 0.29912 0.01624 0.00984 ( 1)
 386 C   0.80775 0.16581 0.02078 0.00566 ( 1)
 387 V   0.02557 0.94421 0.00058 0.02963 ( 2)
 388 P   0.05048 0.90113 0.00317 0.04522 ( 2)
 389 Q   0.48845 0.33395 0.15722 0.02039 ( 1)
 390 S   0.03559 0.91831 0.00172 0.04438 ( 2)
 391 F   0.92669 0.02975 0.04217 0.00138 ( 1)

