Supplemental results for CODEML (seqf: align.fa  treef: tree.nwk)


MLEs of dN/dS (w) for site classes (K=4)

site class             0        1       2a       2b
proportion       0.29302  0.37934  0.14279  0.18486
background w     0.16036  1.00000  0.16036  1.00000
foreground w     0.16036  1.00000  1.00000  1.00000

Naive Empirical Bayes (NEB) probabilities for 4 classes
(amino acids refer to 1st sequence: xeno|270561947)

   1 M   0.71291 0.00321 0.28232 0.00156 ( 1)
   2 S   0.69529 0.01361 0.28447 0.00663 ( 1)
   3 V   0.03739 0.63617 0.01643 0.31001 ( 2)
   4 W   0.24995 0.43420 0.10425 0.21159 ( 2)
   5 F   0.36093 0.32371 0.15762 0.15775 ( 1)
   6 T   0.00023 0.67193 0.00040 0.32744 ( 2)
   7 W   0.34057 0.33859 0.15583 0.16500 ( 1)
   8 A   0.08889 0.58764 0.03710 0.28636 ( 2)
   9 F   0.36839 0.32314 0.15101 0.15747 ( 1)
  10 L   0.63315 0.06028 0.27720 0.02938 ( 1)
  11 I   0.01170 0.66114 0.00498 0.32218 ( 2)
  12 S   0.05216 0.53859 0.14679 0.26246 ( 2)
  13 Q   0.00042 0.67196 0.00018 0.32745 ( 2)
  14 C   0.24110 0.43882 0.10624 0.21384 ( 2)
  15 F   0.34607 0.34753 0.13705 0.16936 ( 2)
  16 V   0.27748 0.40247 0.12392 0.19613 ( 2)
  17 L   0.00534 0.65907 0.01442 0.32117 ( 2)
  18 Q   0.01086 0.66205 0.00446 0.32263 ( 2)
  19 I   0.44013 0.24944 0.18888 0.12155 ( 1)
  20 A   0.53881 0.16258 0.21939 0.07923 ( 1)
  21 G   0.67866 0.02161 0.28920 0.01053 ( 1)
  22 L   0.03436 0.63940 0.01466 0.31159 ( 2)
  23 L   0.36744 0.31446 0.16485 0.15324 ( 1)
  24 H   0.67200 0.03924 0.26965 0.01912 ( 1)
  25 P   0.43008 0.26677 0.17314 0.13000 ( 1)
  26 P   0.69382 0.00943 0.29215 0.00460 ( 1)
  27 L   0.01995 0.65316 0.00861 0.31829 ( 2)
  28 N   0.70367 0.00483 0.28914 0.00235 ( 1)
  29 V   0.65842 0.03255 0.29316 0.01586 ( 1)
  30 T   0.07628 0.60018 0.03106 0.29248 ( 2)
  31 T   0.13403 0.54599 0.05391 0.26607 ( 2)
  32 I   0.51899 0.17606 0.21916 0.08580 ( 1)
  33 S   0.66329 0.03190 0.28926 0.01555 ( 1)
  34 R   0.23084 0.12180 0.58800 0.05936 ( 3)
  35 N   0.69820 0.00966 0.28743 0.00471 ( 1)
  36 F   0.05314 0.62102 0.02321 0.30263 ( 2)
  37 R   0.68749 0.02632 0.27336 0.01283 ( 1)
  38 L   0.65003 0.04445 0.28387 0.02166 ( 1)
  39 F   0.71129 0.00565 0.28031 0.00275 ( 1)
  40 L   0.67158 0.02977 0.28415 0.01451 ( 1)
  41 T   0.60224 0.08798 0.26690 0.04287 ( 1)
  42 W   0.59125 0.09294 0.27053 0.04529 ( 1)
  43 A   0.41760 0.27268 0.17684 0.13288 ( 1)
  44 P   0.69441 0.01250 0.28700 0.00609 ( 1)
  45 D   0.15045 0.42781 0.21326 0.20848 ( 2)
  46 P   0.13241 0.54654 0.05472 0.26633 ( 2)
  47 R   0.00092 0.67019 0.00229 0.32659 ( 2)
  48 N   0.25016 0.07361 0.64036 0.03587 ( 3)
  49 P   0.05384 0.05537 0.86381 0.02698 ( 3)
  50 P   0.25101 0.43454 0.10269 0.21176 ( 2)
  51 N   0.02206 0.65161 0.00878 0.31754 ( 2)
  52 V   0.69889 0.01050 0.28550 0.00512 ( 1)
  53 S   0.25858 0.42403 0.11076 0.20663 ( 2)
  54 Y   0.69671 0.01147 0.28623 0.00559 ( 1)
  55 Q   0.17885 0.50371 0.07198 0.24546 ( 2)
  56 V   0.69469 0.01447 0.28379 0.00705 ( 1)
  57 A   0.01460 0.65830 0.00631 0.32079 ( 2)
  58 Y   0.66793 0.02715 0.29170 0.01323 ( 1)
  59 Y   0.00119 0.67121 0.00051 0.32709 ( 2)
  60 M   0.08048 0.59746 0.03091 0.29115 ( 2)
  61 F   0.03570 0.63828 0.01498 0.31104 ( 2)
  62 I   0.02837 0.64569 0.01129 0.31465 ( 2)
  63 E   0.05375 0.62218 0.02087 0.30320 ( 2)
  64 K   0.20194 0.48008 0.08404 0.23395 ( 2)
  65 K   0.62444 0.06821 0.27411 0.03324 ( 1)
  66 W   0.59125 0.09294 0.27053 0.04529 ( 1)
  67 N   0.25174 0.43538 0.10071 0.21217 ( 2)
  68 K   0.00008 0.67217 0.00019 0.32756 ( 2)
  69 -   0.49162 0.20143 0.20879 0.09816 ( 1)
  70 K   0.30104 0.38629 0.12442 0.18825 ( 2)
  71 N   0.00081 0.67038 0.00212 0.32668 ( 2)
  72 C   0.69325 0.01186 0.28911 0.00578 ( 1)
  73 R   0.04407 0.63095 0.01751 0.30747 ( 2)
  74 N   0.71851 0.00375 0.27591 0.00183 ( 1)
  75 I   0.59630 0.10238 0.25142 0.04989 ( 1)
  76 T   0.54879 0.14758 0.23172 0.07192 ( 1)
  77 G   0.02452 0.64853 0.01091 0.31604 ( 2)
  78 K   0.64721 0.06004 0.26350 0.02926 ( 1)
  79 E   0.58856 0.10496 0.25534 0.05115 ( 1)
  80 C   0.69040 0.00871 0.29664 0.00425 ( 1)
  81 D   0.10060 0.50823 0.14351 0.24767 ( 2)
  82 L   0.17937 0.50422 0.07069 0.24571 ( 2)
  83 T   0.67503 0.02408 0.28915 0.01174 ( 1)
  84 C   0.69325 0.01186 0.28911 0.00578 ( 1)
  85 L   0.00800 0.66440 0.00384 0.32377 ( 2)
  86 F   0.43690 0.25000 0.19127 0.12183 ( 1)
  87 Y   0.12033 0.55443 0.05506 0.27018 ( 2)
  88 T   0.09321 0.58534 0.03620 0.28525 ( 2)
  89 H   0.00093 0.67146 0.00040 0.32721 ( 2)
  90 N   0.09648 0.43217 0.26074 0.21060 ( 2)
  91 Y   0.43711 0.25303 0.18656 0.12330 ( 1)
  92 I   0.00028 0.67177 0.00058 0.32736 ( 2)
  93 V   0.69889 0.01050 0.28550 0.00512 ( 1)
  94 G   0.01610 0.65652 0.00745 0.31993 ( 2)
  95 V   0.64925 0.04148 0.28905 0.02022 ( 1)
  96 R   0.15682 0.51943 0.07064 0.25312 ( 2)
  97 T   0.22762 0.45844 0.09054 0.22340 ( 2)
  98 K   0.01364 0.65932 0.00575 0.32129 ( 2)
  99 F   0.46098 0.22982 0.19721 0.11199 ( 1)
 100 G   0.07236 0.60379 0.02961 0.29423 ( 2)
 101 S   0.57223 0.12550 0.24111 0.06116 ( 1)
 102 S   0.00024 0.67175 0.00065 0.32735 ( 2)
 103 M   0.29595 0.39196 0.12108 0.19101 ( 2)
 104 S   0.68515 0.02322 0.28031 0.01132 ( 1)
 105 K   0.02791 0.64504 0.01272 0.31434 ( 2)
 106 W   0.59125 0.09294 0.27053 0.04529 ( 1)
 107 E   0.39452 0.30111 0.15763 0.14674 ( 1)
 108 E   0.16930 0.50992 0.07229 0.24849 ( 2)
 109 I   0.44177 0.25906 0.17293 0.12624 ( 1)
 110 K   0.01389 0.65895 0.00605 0.32111 ( 2)
 111 D   0.70696 0.01450 0.27148 0.00706 ( 1)
 112 I   0.71029 0.00657 0.27994 0.00320 ( 1)
 113 S   0.00177 0.67065 0.00076 0.32682 ( 2)
 114 Y   0.66244 0.03242 0.28933 0.01580 ( 1)
 115 I   0.08224 0.59506 0.03272 0.28998 ( 2)
 116 F   0.51799 0.18683 0.20413 0.09104 ( 1)
 117 T   0.69943 0.01063 0.28476 0.00518 ( 1)
 118 V   0.63906 0.05137 0.28453 0.02503 ( 1)
 119 D   0.67081 0.04615 0.26056 0.02249 ( 1)
 120 P   0.68171 0.01383 0.29772 0.00674 ( 1)
 121 E   0.53068 0.16708 0.22081 0.08142 ( 1)
 122 A   0.62284 0.08051 0.25742 0.03923 ( 1)
 123 P   0.68879 0.01422 0.29006 0.00693 ( 1)
 124 T   0.11210 0.56748 0.04388 0.27654 ( 2)
 125 L   0.48939 0.19925 0.21427 0.09710 ( 1)
 126 E   0.45260 0.24691 0.18016 0.12032 ( 1)
 127 V   0.69889 0.01050 0.28550 0.00512 ( 1)
 128 K   0.36079 0.33321 0.14361 0.16238 ( 1)
 129 F   0.00616 0.66645 0.00263 0.32477 ( 2)
 130 V   0.55811 0.13720 0.23783 0.06686 ( 1)
 131 D   0.26208 0.06204 0.64565 0.03023 ( 3)
 132 K   0.04589 0.62873 0.01899 0.30639 ( 2)
 133 S   0.00219 0.67030 0.00086 0.32665 ( 2)
 134 M   0.02121 0.65226 0.00868 0.31785 ( 2)
 135 Y   0.04776 0.62717 0.01944 0.30563 ( 2)
 136 I   0.36421 0.32842 0.14733 0.16004 ( 1)
 137 N   0.26320 0.42736 0.10119 0.20826 ( 2)
 138 A   0.00125 0.66996 0.00231 0.32648 ( 2)
 139 A   0.00352 0.66902 0.00144 0.32602 ( 2)
 140 V   0.00025 0.67211 0.00011 0.32753 ( 2)
 141 K   0.00693 0.66571 0.00296 0.32441 ( 2)
 142 T   0.00159 0.67078 0.00075 0.32688 ( 2)
 143 P   0.68793 0.01506 0.28967 0.00734 ( 1)
 144 H   0.00001 0.67232 0.00004 0.32763 ( 2)
 145 C   0.66116 0.03190 0.29140 0.01554 ( 1)
 146 I   0.03548 0.63832 0.01515 0.31106 ( 2)
 147 K   0.00159 0.67084 0.00067 0.32691 ( 2)
 148 D   0.00038 0.67199 0.00016 0.32747 ( 2)
 149 I   0.00903 0.66372 0.00381 0.32344 ( 2)
 150 Y   0.07157 0.60395 0.03016 0.29431 ( 2)
 151 -   0.54411 0.16235 0.21443 0.07911 ( 1)
 152 -   0.00010 0.67225 0.00005 0.32760 ( 2)
 153 -   0.29977 0.38252 0.13131 0.18640 ( 2)
 154 N   0.00729 0.66534 0.00314 0.32423 ( 2)
 155 L   0.49928 0.18757 0.22175 0.09140 ( 1)
 156 K   0.00401 0.66851 0.00171 0.32577 ( 2)
 157 Y   0.63739 0.06802 0.26144 0.03315 ( 1)
 158 N   0.00081 0.67124 0.00085 0.32710 ( 2)
 159 I   0.55366 0.14382 0.23243 0.07008 ( 1)
 160 E   0.01902 0.65383 0.00853 0.31862 ( 2)
 161 N   0.00976 0.66308 0.00405 0.32312 ( 2)
 162 A   0.04475 0.63071 0.01718 0.30735 ( 2)
 163 P   0.01060 0.66223 0.00446 0.32271 ( 2)
 164 K   0.01953 0.65418 0.00750 0.31879 ( 2)
 165 Q   0.39684 0.29020 0.17154 0.14142 ( 1)
 166 I   0.34966 0.33627 0.15020 0.16387 ( 1)
 167 K   0.24616 0.09074 0.61888 0.04422 ( 3)
 168 F   0.37153 0.32016 0.15229 0.15602 ( 1)
 169 K   0.24028 0.08079 0.63956 0.03937 ( 3)
 170 E   0.57906 0.11689 0.24709 0.05696 ( 1)
 171 V   0.37998 0.31404 0.15294 0.15304 ( 1)
 172 K   0.00103 0.67134 0.00047 0.32715 ( 2)
 173 M   0.10192 0.57717 0.03964 0.28126 ( 2)
 174 N   0.00120 0.67117 0.00056 0.32707 ( 2)
 175 S   0.08595 0.59066 0.03555 0.28784 ( 2)
 176 A   0.25900 0.42099 0.11485 0.20516 ( 2)
 177 V   0.02013 0.65352 0.00788 0.31847 ( 2)
 178 I   0.14009 0.53982 0.05703 0.26306 ( 2)
 179 L   0.00147 0.67096 0.00060 0.32697 ( 2)
 180 D   0.61039 0.09894 0.24246 0.04821 ( 1)
 181 T   0.62239 0.07464 0.26659 0.03637 ( 1)
 182 T   0.44566 0.24989 0.18267 0.12177 ( 1)
 183 G   0.67963 0.02068 0.28961 0.01008 ( 1)
 184 L   0.24985 0.43100 0.10913 0.21003 ( 2)
 185 S   0.61082 0.09851 0.24266 0.04801 ( 1)
 186 G   0.67887 0.02141 0.28929 0.01043 ( 1)
 187 N   0.59254 0.11361 0.23849 0.05536 ( 1)
 188 Y   0.68860 0.01887 0.28333 0.00919 ( 1)
 189 C   0.69674 0.00853 0.29057 0.00416 ( 1)
 190 V   0.09269 0.45583 0.22934 0.22213 ( 2)
 191 E   0.62900 0.07947 0.25281 0.03873 ( 1)
 192 A   0.25674 0.42884 0.10544 0.20898 ( 2)
 193 L   0.10282 0.57576 0.04084 0.28057 ( 2)
 194 T   0.68728 0.02213 0.27981 0.01078 ( 1)
 195 V   0.11387 0.56532 0.04532 0.27549 ( 2)
 196 F   0.35934 0.33554 0.14161 0.16351 ( 1)
 197 T   0.37468 0.32111 0.14773 0.15648 ( 1)
 198 M   0.34642 0.34670 0.13793 0.16895 ( 2)
 199 E   0.00190 0.67058 0.00074 0.32678 ( 2)
 200 Q   0.06339 0.61276 0.02525 0.29860 ( 2)
 201 K   0.00105 0.67138 0.00041 0.32717 ( 2)
 202 K   0.70957 0.00576 0.28186 0.00281 ( 1)
 203 I   0.00003 0.67216 0.00026 0.32755 ( 2)
 204 S   0.68840 0.01280 0.29257 0.00624 ( 1)
 205 Q   0.01275 0.66012 0.00544 0.32169 ( 2)
 206 P   0.08131 0.47341 0.21458 0.23070 ( 2)
 207 S   0.66329 0.03190 0.28926 0.01555 ( 1)
 208 K   0.00002 0.67232 0.00004 0.32763 ( 2)
 209 P   0.69244 0.01203 0.28966 0.00586 ( 1)
 210 F   0.24674 0.44017 0.09859 0.21450 ( 2)
 211 C   0.65902 0.03397 0.29045 0.01656 ( 1)
 212 H   0.26514 0.41908 0.11155 0.20422 ( 2)
 213 L   0.21543 0.47189 0.08272 0.22996 ( 2)
 214 F   0.17109 0.51161 0.06799 0.24931 ( 2)
 215 -   0.10672 0.57163 0.04308 0.27856 ( 2)
 216 -   0.11753 0.56152 0.04731 0.27364 ( 2)
 217 K   0.67106 0.04195 0.26656 0.02044 ( 1)
 218 D   0.71650 0.00351 0.27827 0.00171 ( 1)
 219 E   0.11655 0.56245 0.04692 0.27409 ( 2)
 220 E   0.00009 0.67227 0.00004 0.32760 ( 2)
 221 Y   0.01794 0.62946 0.04586 0.30674 ( 2)
 222 N   0.19892 0.19112 0.51683 0.09313 ( 3)
 223 S   0.01050 0.66239 0.00431 0.32279 ( 2)
 224 G   0.01795 0.65532 0.00738 0.31935 ( 2)
 225 H   0.01409 0.65899 0.00578 0.32113 ( 2)
 226 N   0.00290 0.66964 0.00114 0.32632 ( 2)
 227 W   0.00014 0.67222 0.00006 0.32758 ( 2)
 228 S   0.00334 0.66909 0.00151 0.32606 ( 2)
 229 F   0.01087 0.66176 0.00489 0.32248 ( 2)
 230 A   0.00889 0.66380 0.00384 0.32348 ( 2)
 231 V   0.04040 0.63455 0.01582 0.30923 ( 2)
 232 L   0.00119 0.67117 0.00058 0.32707 ( 2)
 233 I   0.08451 0.58784 0.04118 0.28646 ( 2)
 234 L   0.00741 0.66494 0.00361 0.32403 ( 2)
 235 F   0.00290 0.66946 0.00141 0.32623 ( 2)
 236 P   0.00190 0.67045 0.00093 0.32672 ( 2)
 237 I   0.12436 0.54800 0.06060 0.26705 ( 2)
 238 L   0.14629 0.52607 0.07129 0.25636 ( 2)
 239 L   0.00077 0.67159 0.00037 0.32727 ( 2)
 240 I   0.00425 0.66810 0.00207 0.32557 ( 2)
 241 S   0.01952 0.65283 0.00951 0.31813 ( 2)
 242 G   0.00406 0.66829 0.00198 0.32567 ( 2)
 243 I   0.00906 0.66330 0.00441 0.32323 ( 2)
 244 L   0.13781 0.53455 0.06715 0.26049 ( 2)
 245 L   0.37963 0.29272 0.18500 0.14265 ( 1)
 246 Y   0.12107 0.55129 0.05900 0.26865 ( 2)
 247 T   0.00085 0.67150 0.00041 0.32723 ( 2)
 248 S   0.00141 0.67095 0.00069 0.32696 ( 2)
 249 -   0.33552 0.33684 0.16350 0.16414 ( 2)
 250 -   0.35096 0.32139 0.17103 0.15662 ( 1)
 251 -   0.32656 0.34579 0.15914 0.16851 ( 2)
 252 -   0.61159 0.06076 0.29804 0.02961 ( 1)
 253 -   0.23879 0.43356 0.11637 0.21128 ( 2)
 254 -   0.55289 0.11947 0.26943 0.05822 ( 1)
 255 -   0.01422 0.65813 0.00693 0.32071 ( 2)
 256 -   0.58816 0.08420 0.28662 0.04103 ( 1)
 257 -   0.09775 0.57460 0.04763 0.28001 ( 2)
 258 S   0.04850 0.62385 0.02364 0.30401 ( 2)
 259 P   0.33494 0.33741 0.16322 0.16443 ( 2)
 260 D   0.66392 0.00843 0.32354 0.00411 ( 1)
 261 I   0.08372 0.58864 0.04080 0.28685 ( 2)
 262 L   0.37775 0.29460 0.18408 0.14356 ( 1)
 263 A   0.00843 0.66392 0.00411 0.32354 ( 2)
 264 K   0.00374 0.66861 0.00182 0.32582 ( 2)
 265 Q   0.37601 0.29634 0.18324 0.14441 ( 1)
 266 R   0.01775 0.65461 0.00865 0.31900 ( 2)
 267 G   0.02257 0.64979 0.01100 0.31665 ( 2)
 268 Q   0.10873 0.56362 0.05299 0.27466 ( 2)
 269 L   0.20687 0.46548 0.10081 0.22683 ( 2)
 270 L   0.09892 0.57343 0.04821 0.27944 ( 2)
 271 W   0.00031 0.67205 0.00015 0.32750 ( 2)
 272 I   0.04971 0.62265 0.02422 0.30342 ( 2)
 273 F   0.04246 0.62989 0.02069 0.30695 ( 2)
 274 P   0.64412 0.02823 0.31389 0.01376 ( 1)
 275 D   0.00401 0.66834 0.00195 0.32569 ( 2)
 276 -   0.16847 0.50389 0.08210 0.24555 ( 2)
 277 -   0.23899 0.43337 0.11646 0.21118 ( 2)
 278 -   0.02471 0.64765 0.01204 0.31561 ( 2)
 279 -   0.59820 0.07415 0.29151 0.03613 ( 1)
 280 -   0.00911 0.66324 0.00444 0.32321 ( 2)
 281 -   0.10053 0.57182 0.04899 0.27866 ( 2)
 282 -   0.08743 0.58493 0.04260 0.28504 ( 2)
 283 -   0.29733 0.37503 0.14489 0.18276 ( 2)
 284 -   0.59412 0.07824 0.28952 0.03813 ( 1)
 285 -   0.00826 0.66409 0.00403 0.32362 ( 2)
 286 -   0.40495 0.26741 0.19734 0.13031 ( 1)
 287 -   0.00157 0.67079 0.00076 0.32688 ( 2)
 288 -   0.00192 0.67043 0.00094 0.32671 ( 2)
 289 -   0.33033 0.34202 0.16097 0.16667 ( 2)
 290 -   0.00963 0.66272 0.00469 0.32295 ( 2)
 291 -   0.35561 0.31675 0.17329 0.15435 ( 1)
 292 -   0.54671 0.12565 0.26642 0.06123 ( 1)
 293 -   0.06358 0.60877 0.03099 0.29666 ( 2)
 294 -   0.25801 0.41434 0.12573 0.20191 ( 2)
 295 -   0.25467 0.41769 0.12410 0.20354 ( 2)
 296 -   0.56033 0.11202 0.27306 0.05459 ( 1)
 297 -   0.61159 0.06076 0.29804 0.02961 ( 1)
 298 -   0.10144 0.57091 0.04943 0.27821 ( 2)
 299 -   0.21281 0.45954 0.10371 0.22394 ( 2)
 300 -   0.08485 0.58750 0.04135 0.28630 ( 2)
 301 -   0.34256 0.32979 0.16694 0.16071 ( 1)
 302 -   0.42557 0.24678 0.20739 0.12026 ( 1)
 303 -   0.01696 0.65540 0.00826 0.31938 ( 2)
 304 -   0.01197 0.66039 0.00583 0.32182 ( 2)
 305 -   0.14033 0.53202 0.06838 0.25926 ( 2)
 306 -   0.62617 0.04618 0.30514 0.02251 ( 1)
 307 -   0.56063 0.11173 0.27320 0.05445 ( 1)
 308 -   0.25427 0.41808 0.12391 0.20374 ( 2)
 309 -   0.12929 0.54307 0.06300 0.26464 ( 2)
 310 -   0.59889 0.07346 0.29185 0.03580 ( 1)
 311 -   0.51954 0.15282 0.25318 0.07447 ( 1)
 312 -   0.54366 0.12870 0.26493 0.06272 ( 1)
 313 -   0.26828 0.40408 0.13074 0.19691 ( 2)
 314 -   0.01620 0.65615 0.00790 0.31975 ( 2)
 315 -   0.51361 0.15874 0.25029 0.07736 ( 1)
 316 -   0.55431 0.11804 0.27012 0.05752 ( 1)
 317 -   0.52102 0.15133 0.25390 0.07375 ( 1)
 318 -   0.51954 0.15282 0.25318 0.07447 ( 1)
 319 -   0.62294 0.04942 0.30356 0.02408 ( 1)
 320 -   0.53759 0.13476 0.26198 0.06567 ( 1)
 321 -   0.45871 0.21364 0.22354 0.10411 ( 1)
 322 -   0.52448 0.14788 0.25558 0.07206 ( 1)
 323 -   0.60452 0.06784 0.29459 0.03306 ( 1)
 324 -   0.62294 0.04942 0.30356 0.02408 ( 1)
 325 -   0.28960 0.38276 0.14112 0.18652 ( 2)
 326 -   0.08643 0.58592 0.04212 0.28553 ( 2)
 327 -   0.52240 0.14995 0.25457 0.07307 ( 1)
 328 -   0.05862 0.61374 0.02856 0.29908 ( 2)
 329 -   0.05576 0.61660 0.02717 0.30047 ( 2)
 330 -   0.05102 0.62133 0.02486 0.30278 ( 2)
 331 -   0.60829 0.06406 0.29643 0.03122 ( 1)
 332 -   0.59290 0.07945 0.28893 0.03872 ( 1)
 333 -   0.03139 0.64096 0.01530 0.31235 ( 2)
 334 -   0.05577 0.61659 0.02718 0.30047 ( 2)
 335 -   0.09404 0.57832 0.04582 0.28182 ( 2)
 336 -   0.58143 0.09093 0.28334 0.04431 ( 1)
 337 -   0.51957 0.15278 0.25319 0.07445 ( 1)
 338 -   0.08737 0.58499 0.04258 0.28507 ( 2)
 339 -   0.54519 0.12717 0.26568 0.06197 ( 1)
 340 -   0.21847 0.45388 0.10646 0.22118 ( 2)
 341 -   0.56907 0.10328 0.27731 0.05033 ( 1)
 342 -   0.62768 0.04467 0.30588 0.02177 ( 1)
 343 -   0.59319 0.07917 0.28907 0.03858 ( 1)
 344 -   0.53342 0.13893 0.25994 0.06770 ( 1)
 345 -   0.55647 0.11588 0.27118 0.05647 ( 1)
 346 -   0.53342 0.13893 0.25994 0.06770 ( 1)
 347 -   0.58133 0.09103 0.28329 0.04436 ( 1)
 348 -   0.01030 0.66206 0.00502 0.32263 ( 2)
 349 -   0.06793 0.60443 0.03310 0.29454 ( 2)
 350 -   0.09972 0.57264 0.04859 0.27905 ( 2)
 351 -   0.23027 0.44209 0.11221 0.21543 ( 2)
 352 -   0.08229 0.59006 0.04010 0.28754 ( 2)
 353 -   0.06832 0.60404 0.03329 0.29435 ( 2)
 354 -   0.06899 0.60337 0.03362 0.29403 ( 2)
 355 -   0.16860 0.50375 0.08216 0.24548 ( 2)
 356 -   0.25508 0.41728 0.12430 0.20334 ( 2)
 357 -   0.04857 0.62378 0.02367 0.30398 ( 2)
 358 -   0.27185 0.40051 0.13247 0.19517 ( 2)
 359 -   0.62617 0.04618 0.30514 0.02251 ( 1)
 360 -   0.33390 0.33846 0.16271 0.16493 ( 2)
 361 -   0.25550 0.41685 0.12451 0.20314 ( 2)
 362 -   0.09805 0.57431 0.04778 0.27987 ( 2)
 363 -   0.37381 0.29854 0.18216 0.14548 ( 1)
 364 -   0.54505 0.12731 0.26561 0.06204 ( 1)
 365 -   0.53796 0.13440 0.26215 0.06549 ( 1)
 366 -   0.61392 0.05843 0.29917 0.02847 ( 1)
 367 -   0.13160 0.54075 0.06413 0.26351 ( 2)
 368 -   0.08213 0.59023 0.04002 0.28762 ( 2)
 369 -   0.29035 0.38200 0.14149 0.18615 ( 2)
 370 -   0.40422 0.26814 0.19698 0.13067 ( 1)
 371 -   0.20120 0.47116 0.09805 0.22960 ( 2)
 372 -   0.02245 0.64990 0.01094 0.31670 ( 2)
 373 -   0.00794 0.66442 0.00387 0.32378 ( 2)
 374 -   0.59313 0.07922 0.28904 0.03860 ( 1)
 375 -   0.20561 0.46675 0.10020 0.22745 ( 2)
 376 -   0.28834 0.38401 0.14051 0.18713 ( 2)
 377 -   0.21805 0.45431 0.10626 0.22139 ( 2)
 378 -   0.08550 0.58686 0.04166 0.28598 ( 2)
 379 -   0.57816 0.09419 0.28175 0.04590 ( 1)
 380 -   0.50880 0.16355 0.24795 0.07970 ( 1)
 381 -   0.58188 0.09048 0.28356 0.04409 ( 1)
 382 S   0.62240 0.04995 0.30330 0.02434 ( 1)
 383 A   0.57791 0.09445 0.28162 0.04602 ( 1)
 384 G   0.51464 0.15771 0.25079 0.07685 ( 1)
 385 N   0.46635 0.20600 0.22726 0.10039 ( 1)
 386 C   0.55587 0.11648 0.27088 0.05676 ( 1)
 387 V   0.01456 0.65779 0.00710 0.32055 ( 2)
 388 P   0.03202 0.64034 0.01560 0.31204 ( 2)
 389 Q   0.39535 0.27700 0.19266 0.13499 ( 1)
 390 S   0.02221 0.65014 0.01082 0.31682 ( 2)
 391 F   0.65052 0.02183 0.31701 0.01064 ( 1)


lnL = -5819.897502

Bayes Empirical Bayes (BEB) probabilities for 4 classes (class)
(amino acids refer to 1st sequence: xeno|270561947)

   1 M   0.92723 0.00407 0.06833 0.00037 ( 1)
   2 S   0.90894 0.01755 0.07185 0.00167 ( 1)
   3 V   0.04563 0.86360 0.00400 0.08677 ( 2)
   4 W   0.31586 0.60161 0.02525 0.05727 ( 2)
   5 F   0.46724 0.44614 0.04161 0.04501 ( 1)
   6 T   0.00031 0.86145 0.00018 0.13807 ( 2)
   7 W   0.44145 0.46513 0.04368 0.04974 ( 2)
   8 A   0.10887 0.80507 0.00872 0.07734 ( 2)
   9 F   0.47014 0.45077 0.03663 0.04246 ( 1)
  10 L   0.83614 0.07997 0.07575 0.00814 ( 1)
  11 I   0.01430 0.89793 0.00115 0.08662 ( 2)
  12 S   0.06056 0.70047 0.08047 0.15850 ( 2)
  13 Q   0.00057 0.91132 0.00004 0.08807 ( 2)
  14 C   0.30406 0.60691 0.02740 0.06163 ( 2)
  15 F   0.43502 0.48926 0.03142 0.04431 ( 2)
  16 V   0.35164 0.55768 0.03282 0.05786 ( 2)
  17 L   0.00605 0.81833 0.00673 0.16889 ( 2)
  18 Q   0.01336 0.90151 0.00100 0.08413 ( 2)
  19 I   0.56687 0.34949 0.04889 0.03476 ( 1)
  20 A   0.70176 0.22236 0.05479 0.02109 ( 1)
  21 G   0.89267 0.02829 0.07625 0.00279 ( 1)
  22 L   0.04208 0.87009 0.00346 0.08437 ( 2)
  23 L   0.47736 0.43195 0.04542 0.04528 ( 1)
  24 H   0.87591 0.05283 0.06634 0.00492 ( 1)
  25 P   0.55006 0.37358 0.04159 0.03477 ( 1)
  26 P   0.91056 0.01220 0.07606 0.00119 ( 1)
  27 L   0.02450 0.88580 0.00207 0.08763 ( 2)
  28 N   0.91972 0.00613 0.07357 0.00058 ( 1)
  29 V   0.87083 0.04281 0.08192 0.00445 ( 1)
  30 T   0.09374 0.82261 0.00709 0.07656 ( 2)
  31 T   0.16436 0.75033 0.01227 0.07305 ( 2)
  32 I   0.66919 0.24732 0.05827 0.02522 ( 1)
  33 S   0.87504 0.04202 0.07867 0.00426 ( 1)
  34 R   0.39693 0.22021 0.34754 0.03532 ( 1)
  35 N   0.91339 0.01238 0.07305 0.00118 ( 1)
  36 F   0.06491 0.84498 0.00565 0.08446 ( 2)
  37 R   0.89492 0.03537 0.06645 0.00326 ( 1)
  38 L   0.85799 0.05880 0.07725 0.00596 ( 1)
  39 F   0.92419 0.00718 0.06798 0.00066 ( 1)
  40 L   0.88255 0.03907 0.07454 0.00384 ( 1)
  41 T   0.79345 0.12024 0.07386 0.01245 ( 1)
  42 W   0.78378 0.12466 0.07818 0.01338 ( 1)
  43 A   0.53509 0.38268 0.04477 0.03745 ( 1)
  44 P   0.90919 0.01618 0.07308 0.00155 ( 1)
  45 D   0.19629 0.62724 0.09629 0.08018 ( 2)
  46 P   0.16653 0.74995 0.01300 0.07053 ( 2)
  47 R   0.00115 0.84724 0.00094 0.15067 ( 2)
  48 N   0.44165 0.13895 0.39670 0.02270 ( 1)
  49 P   0.05991 0.06658 0.84773 0.02578 ( 3)
  50 P   0.31576 0.60323 0.02439 0.05661 ( 2)
  51 N   0.02691 0.89019 0.00191 0.08098 ( 2)
  52 V   0.91311 0.01348 0.07213 0.00128 ( 1)
  53 S   0.32723 0.58695 0.02788 0.05794 ( 2)
  54 Y   0.91107 0.01478 0.07273 0.00141 ( 1)
  55 Q   0.22011 0.69918 0.01635 0.06436 ( 2)
  56 V   0.90785 0.01867 0.07171 0.00177 ( 1)
  57 A   0.01793 0.89274 0.00150 0.08783 ( 2)
  58 Y   0.88115 0.03569 0.07954 0.00363 ( 1)
  59 Y   0.00153 0.90949 0.00012 0.08886 ( 2)
  60 M   0.09682 0.82402 0.00650 0.07266 ( 2)
  61 F   0.04378 0.86958 0.00349 0.08315 ( 2)
  62 I   0.03450 0.88279 0.00246 0.08025 ( 2)
  63 E   0.06501 0.85496 0.00442 0.07561 ( 2)
  64 K   0.24876 0.66797 0.01976 0.06352 ( 2)
  65 K   0.82236 0.09349 0.07462 0.00953 ( 1)
  66 W   0.78378 0.12466 0.07818 0.01338 ( 1)
  67 N   0.31789 0.60281 0.02362 0.05568 ( 2)
  68 K   0.00011 0.81715 0.00010 0.18265 ( 2)
  69 -   0.64129 0.27704 0.05433 0.02735 ( 1)
  70 K   0.38124 0.53779 0.03006 0.05091 ( 2)
  71 N   0.00099 0.83202 0.00094 0.16605 ( 2)
  72 C   0.90891 0.01539 0.07421 0.00148 ( 1)
  73 R   0.05325 0.86440 0.00379 0.07857 ( 2)
  74 N   0.92939 0.00470 0.06549 0.00042 ( 1)
  75 I   0.78124 0.13955 0.06547 0.01374 ( 1)
  76 T   0.71775 0.20229 0.06014 0.01982 ( 1)
  77 G   0.02986 0.88142 0.00268 0.08604 ( 2)
  78 K   0.84470 0.08133 0.06625 0.00773 ( 1)
  79 E   0.77325 0.14376 0.06849 0.01450 ( 1)
  80 C   0.90791 0.01131 0.07964 0.00113 ( 1)
  81 D   0.12658 0.71637 0.06594 0.09111 ( 2)
  82 L   0.22092 0.70021 0.01573 0.06313 ( 2)
  83 T   0.88830 0.03147 0.07710 0.00313 ( 1)
  84 C   0.90891 0.01539 0.07421 0.00148 ( 1)
  85 L   0.00974 0.89202 0.00101 0.09722 ( 2)
  86 F   0.56282 0.35096 0.05058 0.03565 ( 1)
  87 Y   0.14990 0.75514 0.01466 0.08030 ( 2)
  88 T   0.11453 0.80614 0.00787 0.07146 ( 2)
  89 H   0.00118 0.90922 0.00010 0.08950 ( 2)
  90 N   0.12284 0.61445 0.14017 0.12254 ( 2)
  91 Y   0.56684 0.35058 0.04811 0.03448 ( 1)
  92 I   0.00037 0.86547 0.00026 0.13390 ( 2)
  93 V   0.91311 0.01348 0.07213 0.00128 ( 1)
  94 G   0.01962 0.88323 0.00194 0.09521 ( 2)
  95 V   0.85873 0.05482 0.08075 0.00570 ( 1)
  96 R   0.19662 0.71071 0.01858 0.07409 ( 2)
  97 T   0.28756 0.63414 0.02084 0.05746 ( 2)
  98 K   0.01667 0.89596 0.00132 0.08605 ( 2)
  99 F   0.59420 0.32247 0.05104 0.03230 ( 1)
 100 G   0.08856 0.82749 0.00673 0.07723 ( 2)
 101 S   0.74884 0.17179 0.06254 0.01682 ( 1)
 102 S   0.00032 0.83445 0.00031 0.16492 ( 2)
 103 M   0.37295 0.54677 0.02888 0.05140 ( 2)
 104 S   0.89613 0.03020 0.07080 0.00287 ( 1)
 105 K   0.03476 0.87328 0.00337 0.08860 ( 2)
 106 W   0.78378 0.12466 0.07818 0.01338 ( 1)
 107 E   0.50333 0.42024 0.03754 0.03889 ( 1)
 108 E   0.21205 0.70167 0.01777 0.06852 ( 2)
 109 I   0.56642 0.35978 0.04089 0.03291 ( 1)
 110 K   0.01692 0.89260 0.00145 0.08904 ( 2)
 111 D   0.91476 0.01909 0.06442 0.00173 ( 1)
 112 I   0.92259 0.00831 0.06833 0.00077 ( 1)
 113 S   0.00228 0.90949 0.00018 0.08805 ( 2)
 114 Y   0.87404 0.04272 0.07890 0.00434 ( 1)
 115 I   0.10123 0.81576 0.00737 0.07565 ( 2)
 116 F   0.66737 0.26021 0.04862 0.02380 ( 1)
 117 T   0.91329 0.01363 0.07178 0.00129 ( 1)
 118 V   0.84528 0.06817 0.07947 0.00708 ( 1)
 119 D   0.87043 0.06171 0.06226 0.00560 ( 1)
 120 P   0.89893 0.01805 0.08119 0.00183 ( 1)
 121 E   0.69225 0.22953 0.05608 0.02214 ( 1)
 122 A   0.81435 0.10987 0.06526 0.01051 ( 1)
 123 P   0.90419 0.01848 0.07552 0.00180 ( 1)
 124 T   0.13760 0.78217 0.00969 0.07054 ( 2)
 125 L   0.64048 0.27393 0.05773 0.02786 ( 1)
 126 E   0.57839 0.34648 0.04303 0.03209 ( 1)
 127 V   0.91311 0.01348 0.07213 0.00128 ( 1)
 128 K   0.45885 0.46434 0.03397 0.04284 ( 2)
 129 F   0.00762 0.90422 0.00061 0.08755 ( 2)
 130 V   0.73057 0.18872 0.06212 0.01859 ( 1)
 131 D   0.48191 0.12245 0.37746 0.01818 ( 1)
 132 K   0.05585 0.85944 0.00429 0.08042 ( 2)
 133 S   0.00281 0.91500 0.00019 0.08200 ( 2)
 134 M   0.02582 0.88891 0.00193 0.08334 ( 2)
 135 Y   0.05839 0.85755 0.00439 0.07967 ( 2)
 136 I   0.46373 0.45744 0.03568 0.04315 ( 1)
 137 N   0.32707 0.59708 0.02249 0.05336 ( 2)
 138 A   0.00149 0.84398 0.00105 0.15349 ( 2)
 139 A   0.00445 0.91067 0.00032 0.08456 ( 2)
 140 V   0.00034 0.91090 0.00003 0.08873 ( 2)
 141 K   0.00854 0.90317 0.00069 0.08760 ( 2)
 142 T   0.00201 0.90606 0.00021 0.09172 ( 2)
 143 P   0.90309 0.01958 0.07542 0.00191 ( 1)
 144 H   0.00002 0.82173 0.00002 0.17823 ( 2)
 145 C   0.87338 0.04218 0.08012 0.00432 ( 1)
 146 I   0.04323 0.86853 0.00357 0.08467 ( 2)
 147 K   0.00203 0.91088 0.00016 0.08694 ( 2)
 148 D   0.00051 0.91126 0.00004 0.08820 ( 2)
 149 I   0.01108 0.90143 0.00088 0.08660 ( 2)
 150 Y   0.08746 0.82592 0.00708 0.07953 ( 2)
 151 -   0.70624 0.22192 0.05154 0.02031 ( 1)
 152 -   0.00015 0.90682 0.00001 0.09303 ( 2)
 153 -   0.38732 0.52495 0.03465 0.05308 ( 2)
 154 N   0.00897 0.90130 0.00075 0.08899 ( 2)
 155 L   0.65371 0.25884 0.06072 0.02673 ( 1)
 156 K   0.00499 0.90734 0.00040 0.08728 ( 2)
 157 Y   0.83270 0.09238 0.06610 0.00882 ( 1)
 158 N   0.00106 0.88961 0.00035 0.10898 ( 2)
 159 I   0.72297 0.19670 0.06083 0.01950 ( 1)
 160 E   0.02324 0.88306 0.00213 0.09156 ( 2)
 161 N   0.01195 0.90015 0.00092 0.08698 ( 2)
 162 A   0.05415 0.86611 0.00361 0.07613 ( 2)
 163 P   0.01300 0.89993 0.00102 0.08605 ( 2)
 164 K   0.02391 0.89578 0.00158 0.07873 ( 2)
 165 Q   0.51505 0.40019 0.04487 0.03989 ( 1)
 166 I   0.44666 0.46832 0.03844 0.04658 ( 2)
 167 K   0.43352 0.17251 0.36719 0.02679 ( 1)
 168 F   0.47455 0.44641 0.03698 0.04206 ( 1)
 169 K   0.41274 0.14982 0.41128 0.02616 ( 1)
 170 E   0.75877 0.16058 0.06479 0.01586 ( 1)
 171 V   0.48424 0.43857 0.03649 0.04071 ( 1)
 172 K   0.00131 0.90215 0.00012 0.09642 ( 2)
 173 M   0.12391 0.79657 0.00854 0.07097 ( 2)
 174 N   0.00152 0.90033 0.00015 0.09800 ( 2)
 175 S   0.10566 0.81003 0.00820 0.07611 ( 2)
 176 A   0.32764 0.58227 0.03015 0.05994 ( 2)
 177 V   0.02461 0.89363 0.00170 0.08006 ( 2)
 178 I   0.17223 0.74514 0.01310 0.06953 ( 2)
 179 L   0.00188 0.91459 0.00014 0.08339 ( 2)
 180 D   0.78979 0.13847 0.05889 0.01285 ( 1)
 181 T   0.81766 0.10140 0.07083 0.01011 ( 1)
 182 T   0.57171 0.35047 0.04471 0.03311 ( 1)
 183 G   0.89389 0.02709 0.07636 0.00267 ( 1)
 184 L   0.31545 0.59645 0.02798 0.06011 ( 2)
 185 S   0.79087 0.13738 0.05899 0.01276 ( 1)
 186 G   0.89290 0.02806 0.07627 0.00277 ( 1)
 187 N   0.76720 0.15943 0.05845 0.01492 ( 1)
 188 Y   0.90105 0.02447 0.07214 0.00234 ( 1)
 189 C   0.91332 0.01103 0.07458 0.00106 ( 1)
 190 V   0.12065 0.66324 0.10680 0.10931 ( 2)
 191 E   0.81917 0.10826 0.06243 0.01013 ( 1)
 192 A   0.32547 0.59321 0.02539 0.05594 ( 2)
 193 L   0.12599 0.79292 0.00908 0.07202 ( 2)
 194 T   0.89816 0.02857 0.07056 0.00271 ( 1)
 195 V   0.13972 0.77896 0.01015 0.07118 ( 2)
 196 F   0.45958 0.46496 0.03319 0.04226 ( 2)
 197 T   0.47710 0.44712 0.03475 0.04103 ( 1)
 198 M   0.43877 0.48411 0.03247 0.04465 ( 2)
 199 E   0.00244 0.91650 0.00016 0.08089 ( 2)
 200 Q   0.07682 0.84095 0.00553 0.07670 ( 2)
 201 K   0.00140 0.91754 0.00009 0.08096 ( 2)
 202 K   0.92287 0.00732 0.06914 0.00068 ( 1)
 203 I   0.00004 0.70869 0.00026 0.29102 ( 2)
 204 S   0.90490 0.01668 0.07679 0.00164 ( 1)
 205 Q   0.01558 0.89598 0.00127 0.08717 ( 2)
 206 P   0.10170 0.66599 0.10646 0.12585 ( 2)
 207 S   0.87504 0.04202 0.07867 0.00426 ( 1)
 208 K   0.00003 0.86475 0.00002 0.13520 ( 2)
 209 P   0.90788 0.01560 0.07501 0.00151 ( 1)
 210 F   0.31060 0.61028 0.02296 0.05616 ( 2)
 211 C   0.87058 0.04496 0.07986 0.00460 ( 1)
 212 H   0.33606 0.58044 0.02747 0.05603 ( 2)
 213 L   0.26566 0.65786 0.01814 0.05834 ( 2)
 214 F   0.21099 0.70801 0.01533 0.06567 ( 2)
 215 -   0.13363 0.78328 0.01008 0.07300 ( 2)
 216 -   0.14726 0.77101 0.01091 0.07082 ( 2)
 217 K   0.87317 0.05630 0.06531 0.00523 ( 1)
 218 D   0.92865 0.00442 0.06653 0.00040 ( 1)
 219 E   0.14332 0.77482 0.01060 0.07126 ( 2)
 220 E   0.00013 0.90505 0.00001 0.09481 ( 2)
 221 Y   0.02070 0.81224 0.01977 0.14729 ( 2)
 222 N   0.31496 0.33008 0.29876 0.05620 ( 2)
 223 S   0.01293 0.90185 0.00097 0.08426 ( 2)
 224 G   0.02190 0.89260 0.00165 0.08385 ( 2)
 225 H   0.01749 0.89740 0.00133 0.08378 ( 2)
 226 N   0.00368 0.91434 0.00025 0.08173 ( 2)
 227 W   0.00020 0.90996 0.00002 0.08982 ( 2)
 228 S   0.00413 0.90139 0.00038 0.09409 ( 2)
 229 F   0.01322 0.89198 0.00122 0.09358 ( 2)
 230 A   0.01090 0.89952 0.00091 0.08867 ( 2)
 231 V   0.04895 0.86902 0.00340 0.07863 ( 2)
 232 L   0.00150 0.89359 0.00016 0.10474 ( 2)
 233 I   0.10256 0.79253 0.01179 0.09312 ( 2)
 234 L   0.00898 0.88611 0.00100 0.10390 ( 2)
 235 F   0.00358 0.89151 0.00040 0.10451 ( 2)
 236 P   0.00238 0.89271 0.00026 0.10464 ( 2)
 237 I   0.15256 0.74253 0.01759 0.08732 ( 2)
 238 L   0.17757 0.71753 0.02047 0.08443 ( 2)
 239 L   0.00098 0.89411 0.00011 0.10480 ( 2)
 240 I   0.00520 0.88990 0.00058 0.10433 ( 2)
 241 S   0.02332 0.87177 0.00263 0.10227 ( 2)
 242 G   0.00496 0.89014 0.00055 0.10435 ( 2)
 243 I   0.01091 0.88418 0.00123 0.10368 ( 2)
 244 L   0.17127 0.72383 0.01978 0.08512 ( 2)
 245 L   0.49345 0.40164 0.05751 0.04740 ( 1)
 246 Y   0.14970 0.74539 0.01727 0.08764 ( 2)
 247 T   0.00109 0.89401 0.00012 0.10479 ( 2)
 248 S   0.00176 0.89333 0.00019 0.10471 ( 2)
 249 -   0.43415 0.46094 0.05054 0.05437 ( 2)
 250 -   0.45470 0.44039 0.05295 0.05195 ( 1)
 251 -   0.42222 0.47288 0.04914 0.05577 ( 2)
 252 -   0.81378 0.08132 0.09530 0.00961 ( 1)
 253 -   0.30603 0.58906 0.03553 0.06937 ( 2)
 254 -   0.73428 0.16081 0.08591 0.01900 ( 1)
 255 -   0.01721 0.87789 0.00195 0.10296 ( 2)
 256 -   0.78199 0.11310 0.09154 0.01336 ( 1)
 257 -   0.12056 0.77454 0.01389 0.09102 ( 2)
 258 S   0.05837 0.83672 0.00667 0.09824 ( 2)
 259 P   0.43346 0.46163 0.05046 0.05445 ( 2)
 260 D   0.88410 0.01099 0.10361 0.00130 ( 1)
 261 I   0.10099 0.79411 0.01159 0.09332 ( 2)
 262 L   0.49065 0.40444 0.05717 0.04773 ( 1)
 263 A   0.01019 0.88491 0.00114 0.10376 ( 2)
 264 K   0.00458 0.89051 0.00051 0.10440 ( 2)
 265 Q   0.48119 0.41390 0.05603 0.04888 ( 1)
 266 R   0.02125 0.87384 0.00240 0.10251 ( 2)
 267 G   0.02723 0.86786 0.00310 0.10181 ( 2)
 268 Q   0.13417 0.76092 0.01547 0.08944 ( 2)
 269 L   0.25868 0.63642 0.02996 0.07495 ( 2)
 270 L   0.11928 0.77581 0.01370 0.09120 ( 2)
 271 W   0.00040 0.89469 0.00004 0.10486 ( 2)
 272 I   0.05979 0.83530 0.00683 0.09807 ( 2)
 273 F   0.05139 0.84370 0.00588 0.09902 ( 2)
 274 P   0.85765 0.03744 0.10049 0.00442 ( 1)
 275 D   0.00490 0.89019 0.00055 0.10436 ( 2)
 276 -   0.21458 0.68051 0.02486 0.08005 ( 2)
 277 -   0.30625 0.58884 0.03556 0.06935 ( 2)
 278 -   0.03031 0.86479 0.00347 0.10144 ( 2)
 279 -   0.79567 0.09942 0.09316 0.01175 ( 1)
 280 -   0.01105 0.88404 0.00125 0.10366 ( 2)
 281 -   0.12395 0.77115 0.01428 0.09063 ( 2)
 282 -   0.10765 0.78744 0.01239 0.09251 ( 2)
 283 -   0.38312 0.51197 0.04455 0.06035 ( 2)
 284 -   0.79007 0.10502 0.09250 0.01241 ( 1)
 285 -   0.01003 0.88507 0.00113 0.10377 ( 2)
 286 -   0.52746 0.36763 0.06150 0.04340 ( 1)
 287 -   0.00194 0.89316 0.00022 0.10469 ( 2)
 288 -   0.00238 0.89272 0.00026 0.10464 ( 2)
 289 -   0.42758 0.46751 0.04977 0.05513 ( 2)
 290 -   0.01168 0.88342 0.00132 0.10359 ( 2)
 291 -   0.46091 0.43419 0.05368 0.05123 ( 1)
 292 -   0.72592 0.16917 0.08492 0.01998 ( 1)
 293 -   0.07815 0.81694 0.00898 0.09593 ( 2)
 294 -   0.33135 0.56374 0.03849 0.06641 ( 2)
 295 -   0.32689 0.56820 0.03797 0.06694 ( 2)
 296 -   0.74445 0.15064 0.08711 0.01780 ( 1)
 297 -   0.81378 0.08132 0.09530 0.00961 ( 1)
 298 -   0.12511 0.76999 0.01442 0.09049 ( 2)
 299 -   0.27218 0.62292 0.03158 0.07333 ( 2)
 300 -   0.10458 0.79051 0.01204 0.09287 ( 2)
 301 -   0.44325 0.45184 0.05161 0.05330 ( 2)
 302 -   0.55540 0.33970 0.06479 0.04012 ( 1)
 303 -   0.02049 0.87461 0.00233 0.10258 ( 2)
 304 -   0.01449 0.88061 0.00164 0.10327 ( 2)
 305 -   0.17389 0.72121 0.02008 0.08483 ( 2)
 306 -   0.83342 0.06167 0.09762 0.00729 ( 1)
 307 -   0.74475 0.15035 0.08714 0.01776 ( 1)
 308 -   0.32631 0.56878 0.03790 0.06700 ( 2)
 309 -   0.16002 0.73507 0.01847 0.08644 ( 2)
 310 -   0.79674 0.09835 0.09329 0.01162 ( 1)
 311 -   0.68920 0.20589 0.08059 0.02432 ( 1)
 312 -   0.72183 0.17326 0.08444 0.02047 ( 1)
 313 -   0.34504 0.55005 0.04010 0.06481 ( 2)
 314 -   0.01958 0.87551 0.00222 0.10268 ( 2)
 315 -   0.68114 0.21396 0.07964 0.02527 ( 1)
 316 -   0.73618 0.15891 0.08613 0.01877 ( 1)
 317 -   0.69117 0.20392 0.08082 0.02408 ( 1)
 318 -   0.68920 0.20589 0.08059 0.02432 ( 1)
 319 -   0.82896 0.06613 0.09709 0.00781 ( 1)
 320 -   0.71357 0.18152 0.08346 0.02144 ( 1)
 321 -   0.60707 0.28802 0.07091 0.03400 ( 1)
 322 -   0.69586 0.19924 0.08137 0.02353 ( 1)
 323 -   0.80423 0.09086 0.09417 0.01073 ( 1)
 324 -   0.82896 0.06613 0.09709 0.00781 ( 1)
 325 -   0.37282 0.52227 0.04335 0.06156 ( 2)
 326 -   0.10652 0.78857 0.01226 0.09264 ( 2)
 327 -   0.69314 0.20195 0.08105 0.02385 ( 1)
 328 -   0.07203 0.82307 0.00827 0.09663 ( 2)
 329 -   0.06851 0.82659 0.00787 0.09704 ( 2)
 330 -   0.06266 0.83244 0.00719 0.09772 ( 2)
 331 -   0.80923 0.08587 0.09476 0.01015 ( 1)
 332 -   0.78849 0.10661 0.09231 0.01260 ( 1)
 333 -   0.03848 0.85661 0.00441 0.10050 ( 2)
 334 -   0.06848 0.82661 0.00786 0.09704 ( 2)
 335 -   0.11587 0.77922 0.01334 0.09156 ( 2)
 336 -   0.77294 0.12215 0.09047 0.01443 ( 1)
 337 -   0.68919 0.20590 0.08059 0.02432 ( 1)
 338 -   0.10760 0.78749 0.01239 0.09252 ( 2)
 339 -   0.72392 0.17117 0.08469 0.02022 ( 1)
 340 -   0.27933 0.61576 0.03241 0.07250 ( 2)
 341 -   0.75617 0.13892 0.08849 0.01641 ( 1)
 342 -   0.83552 0.05957 0.09787 0.00704 ( 1)
 343 -   0.78891 0.10618 0.09236 0.01255 ( 1)
 344 -   0.70802 0.18708 0.08281 0.02210 ( 1)
 345 -   0.73911 0.15599 0.08648 0.01843 ( 1)
 346 -   0.70802 0.18708 0.08281 0.02210 ( 1)
 347 -   0.77277 0.12232 0.09045 0.01445 ( 1)
 348 -   0.01256 0.88253 0.00143 0.10348 ( 2)
 349 -   0.08353 0.81156 0.00960 0.09530 ( 2)
 350 -   0.12314 0.77195 0.01419 0.09072 ( 2)
 351 -   0.29470 0.60039 0.03421 0.07070 ( 2)
 352 -   0.10229 0.79280 0.01178 0.09312 ( 2)
 353 -   0.08420 0.81089 0.00968 0.09522 ( 2)
 354 -   0.08495 0.81015 0.00977 0.09514 ( 2)
 355 -   0.21513 0.67996 0.02493 0.07998 ( 2)
 356 -   0.32740 0.56770 0.03803 0.06688 ( 2)
 357 -   0.05965 0.83545 0.00684 0.09806 ( 2)
 358 -   0.34939 0.54570 0.04060 0.06430 ( 2)
 359 -   0.83342 0.06167 0.09762 0.00729 ( 1)
 360 -   0.43167 0.46343 0.05025 0.05466 ( 2)
 361 -   0.32789 0.56721 0.03809 0.06682 ( 2)
 362 -   0.12088 0.77421 0.01393 0.09098 ( 2)
 363 -   0.48536 0.40974 0.05655 0.04835 ( 1)
 364 -   0.72374 0.17135 0.08467 0.02024 ( 1)
 365 -   0.71413 0.18097 0.08353 0.02138 ( 1)
 366 -   0.81697 0.07812 0.09568 0.00923 ( 1)
 367 -   0.16698 0.72811 0.01932 0.08559 ( 2)
 368 -   0.10109 0.79400 0.01163 0.09327 ( 2)
 369 -   0.37403 0.52106 0.04349 0.06142 ( 2)
 370 -   0.52658 0.36852 0.06140 0.04351 ( 1)
 371 -   0.25678 0.63831 0.02978 0.07513 ( 2)
 372 -   0.02740 0.86770 0.00313 0.10178 ( 2)
 373 -   0.00963 0.88546 0.00109 0.10382 ( 2)
 374 -   0.78881 0.10629 0.09235 0.01256 ( 1)
 375 -   0.26282 0.63227 0.03049 0.07442 ( 2)
 376 -   0.37122 0.52387 0.04316 0.06175 ( 2)
 377 -   0.27903 0.61606 0.03238 0.07253 ( 2)
 378 -   0.10536 0.78973 0.01213 0.09278 ( 2)
 379 -   0.76858 0.12651 0.08996 0.01495 ( 1)
 380 -   0.67488 0.22022 0.07890 0.02601 ( 1)
 381 -   0.77346 0.12163 0.09054 0.01437 ( 1)
 382 S   0.82851 0.06659 0.09704 0.00787 ( 1)
 383 A   0.76457 0.13053 0.08947 0.01544 ( 1)
 384 G   0.67694 0.21815 0.07912 0.02579 ( 1)
 385 N   0.60427 0.29082 0.07052 0.03439 ( 1)
 386 C   0.73391 0.16119 0.08584 0.01906 ( 1)
 387 V   0.01747 0.87763 0.00197 0.10294 ( 2)
 388 P   0.03860 0.85649 0.00440 0.10051 ( 2)
 389 Q   0.51408 0.38101 0.05993 0.04498 ( 1)
 390 S   0.02682 0.86827 0.00305 0.10185 ( 2)
 391 F   0.86636 0.02874 0.10152 0.00339 ( 1)

