Supplemental results for CODEML (seqf: align.fa  treef: tree.nwk)


MLEs of dN/dS (w) for site classes (K=4)

site class             0        1       2a       2b
proportion       0.29302  0.37934  0.14279  0.18486
background w     0.16036  1.00000  0.16036  1.00000
foreground w     0.16036  1.00000  1.00000  1.00000

Naive Empirical Bayes (NEB) probabilities for 4 classes
(amino acids refer to 1st sequence: xeno|270561947)

   1 M   0.71291 0.00321 0.28232 0.00156 ( 1)
   2 S   0.69529 0.01361 0.28447 0.00663 ( 1)
   3 V   0.03739 0.63617 0.01643 0.31001 ( 2)
   4 W   0.24995 0.43420 0.10425 0.21159 ( 2)
   5 F   0.36093 0.32371 0.15762 0.15775 ( 1)
   6 T   0.00023 0.67193 0.00040 0.32744 ( 2)
   7 W   0.34057 0.33859 0.15583 0.16500 ( 1)
   8 A   0.08889 0.58764 0.03710 0.28636 ( 2)
   9 F   0.36839 0.32314 0.15101 0.15747 ( 1)
  10 L   0.63315 0.06028 0.27720 0.02938 ( 1)
  11 I   0.01170 0.66114 0.00498 0.32218 ( 2)
  12 S   0.05216 0.53859 0.14679 0.26246 ( 2)
  13 Q   0.00042 0.67196 0.00018 0.32745 ( 2)
  14 C   0.24110 0.43882 0.10624 0.21384 ( 2)
  15 F   0.34607 0.34753 0.13705 0.16936 ( 2)
  16 V   0.27748 0.40247 0.12392 0.19613 ( 2)
  17 L   0.00534 0.65907 0.01442 0.32117 ( 2)
  18 Q   0.01086 0.66205 0.00446 0.32263 ( 2)
  19 I   0.44013 0.24944 0.18888 0.12155 ( 1)
  20 A   0.53881 0.16258 0.21939 0.07923 ( 1)
  21 G   0.67866 0.02161 0.28920 0.01053 ( 1)
  22 L   0.03436 0.63940 0.01466 0.31159 ( 2)
  23 L   0.36744 0.31446 0.16485 0.15324 ( 1)
  24 H   0.67200 0.03924 0.26965 0.01912 ( 1)
  25 P   0.43008 0.26677 0.17314 0.13000 ( 1)
  26 P   0.69382 0.00943 0.29215 0.00460 ( 1)
  27 L   0.01995 0.65316 0.00861 0.31829 ( 2)
  28 N   0.70367 0.00483 0.28914 0.00235 ( 1)
  29 V   0.65842 0.03255 0.29316 0.01586 ( 1)
  30 T   0.07628 0.60018 0.03106 0.29248 ( 2)
  31 T   0.13403 0.54599 0.05391 0.26607 ( 2)
  32 I   0.51899 0.17606 0.21916 0.08580 ( 1)
  33 S   0.66329 0.03190 0.28926 0.01555 ( 1)
  34 R   0.23084 0.12180 0.58800 0.05936 ( 3)
  35 N   0.69820 0.00966 0.28743 0.00471 ( 1)
  36 F   0.05314 0.62102 0.02321 0.30263 ( 2)
  37 R   0.68749 0.02632 0.27336 0.01283 ( 1)
  38 L   0.65003 0.04445 0.28387 0.02166 ( 1)
  39 F   0.71129 0.00565 0.28031 0.00275 ( 1)
  40 L   0.67158 0.02977 0.28415 0.01451 ( 1)
  41 T   0.60224 0.08798 0.26690 0.04287 ( 1)
  42 W   0.59125 0.09294 0.27053 0.04529 ( 1)
  43 A   0.41760 0.27268 0.17684 0.13288 ( 1)
  44 P   0.69441 0.01250 0.28700 0.00609 ( 1)
  45 D   0.15045 0.42781 0.21326 0.20848 ( 2)
  46 P   0.13241 0.54654 0.05472 0.26633 ( 2)
  47 R   0.00092 0.67019 0.00229 0.32659 ( 2)
  48 N   0.25016 0.07361 0.64036 0.03587 ( 3)
  49 P   0.05384 0.05537 0.86381 0.02698 ( 3)
  50 P   0.25101 0.43454 0.10269 0.21176 ( 2)
  51 N   0.02206 0.65161 0.00878 0.31754 ( 2)
  52 V   0.69889 0.01050 0.28550 0.00512 ( 1)
  53 S   0.25858 0.42403 0.11076 0.20663 ( 2)
  54 Y   0.69671 0.01147 0.28623 0.00559 ( 1)
  55 Q   0.17885 0.50371 0.07198 0.24546 ( 2)
  56 V   0.69469 0.01447 0.28379 0.00705 ( 1)
  57 A   0.01460 0.65830 0.00631 0.32079 ( 2)
  58 Y   0.66793 0.02715 0.29170 0.01323 ( 1)
  59 Y   0.00119 0.67121 0.00051 0.32709 ( 2)
  60 M   0.08048 0.59746 0.03091 0.29115 ( 2)
  61 F   0.03570 0.63828 0.01498 0.31104 ( 2)
  62 I   0.02837 0.64569 0.01129 0.31465 ( 2)
  63 E   0.05375 0.62218 0.02087 0.30320 ( 2)
  64 K   0.20194 0.48008 0.08404 0.23395 ( 2)
  65 K   0.62444 0.06821 0.27411 0.03324 ( 1)
  66 W   0.59125 0.09294 0.27053 0.04529 ( 1)
  67 N   0.25174 0.43538 0.10071 0.21217 ( 2)
  68 K   0.00008 0.67217 0.00019 0.32756 ( 2)
  69 -   0.49162 0.20143 0.20879 0.09816 ( 1)
  70 K   0.30104 0.38629 0.12442 0.18825 ( 2)
  71 N   0.00081 0.67038 0.00212 0.32668 ( 2)
  72 C   0.69325 0.01186 0.28911 0.00578 ( 1)
  73 R   0.04407 0.63095 0.01751 0.30747 ( 2)
  74 N   0.71851 0.00375 0.27591 0.00183 ( 1)
  75 I   0.59630 0.10238 0.25142 0.04989 ( 1)
  76 T   0.54879 0.14758 0.23172 0.07192 ( 1)
  77 G   0.02452 0.64853 0.01091 0.31604 ( 2)
  78 K   0.64721 0.06004 0.26350 0.02926 ( 1)
  79 E   0.58856 0.10496 0.25534 0.05115 ( 1)
  80 C   0.69040 0.00871 0.29664 0.00425 ( 1)
  81 D   0.10060 0.50823 0.14351 0.24767 ( 2)
  82 L   0.17937 0.50422 0.07069 0.24571 ( 2)
  83 T   0.67503 0.02408 0.28915 0.01174 ( 1)
  84 C   0.69325 0.01186 0.28911 0.00578 ( 1)
  85 L   0.00800 0.66440 0.00384 0.32377 ( 2)
  86 F   0.43690 0.25000 0.19127 0.12183 ( 1)
  87 Y   0.12033 0.55443 0.05506 0.27018 ( 2)
  88 T   0.09321 0.58534 0.03620 0.28525 ( 2)
  89 H   0.00093 0.67146 0.00040 0.32721 ( 2)
  90 N   0.09648 0.43217 0.26074 0.21060 ( 2)
  91 Y   0.43711 0.25302 0.18656 0.12330 ( 1)
  92 I   0.00028 0.67177 0.00058 0.32736 ( 2)
  93 V   0.69889 0.01050 0.28550 0.00512 ( 1)
  94 G   0.01610 0.65652 0.00745 0.31993 ( 2)
  95 V   0.64925 0.04148 0.28905 0.02022 ( 1)
  96 R   0.15682 0.51943 0.07064 0.25312 ( 2)
  97 T   0.22763 0.45844 0.09054 0.22340 ( 2)
  98 K   0.01364 0.65932 0.00575 0.32129 ( 2)
  99 F   0.46098 0.22982 0.19721 0.11199 ( 1)
 100 G   0.07236 0.60379 0.02961 0.29423 ( 2)
 101 S   0.57223 0.12550 0.24111 0.06116 ( 1)
 102 S   0.00024 0.67175 0.00065 0.32735 ( 2)
 103 M   0.29595 0.39196 0.12108 0.19101 ( 2)
 104 S   0.68515 0.02322 0.28031 0.01132 ( 1)
 105 K   0.02791 0.64504 0.01272 0.31433 ( 2)
 106 W   0.59125 0.09294 0.27053 0.04529 ( 1)
 107 E   0.39452 0.30111 0.15763 0.14674 ( 1)
 108 E   0.16930 0.50992 0.07229 0.24849 ( 2)
 109 I   0.44177 0.25906 0.17293 0.12624 ( 1)
 110 K   0.01389 0.65895 0.00605 0.32111 ( 2)
 111 D   0.70696 0.01450 0.27148 0.00706 ( 1)
 112 I   0.71029 0.00657 0.27994 0.00320 ( 1)
 113 S   0.00177 0.67065 0.00076 0.32682 ( 2)
 114 Y   0.66244 0.03242 0.28933 0.01580 ( 1)
 115 I   0.08224 0.59506 0.03272 0.28998 ( 2)
 116 F   0.51799 0.18683 0.20413 0.09104 ( 1)
 117 T   0.69943 0.01063 0.28476 0.00518 ( 1)
 118 V   0.63906 0.05137 0.28453 0.02503 ( 1)
 119 D   0.67081 0.04615 0.26056 0.02249 ( 1)
 120 P   0.68171 0.01383 0.29772 0.00674 ( 1)
 121 E   0.53068 0.16708 0.22081 0.08142 ( 1)
 122 A   0.62284 0.08051 0.25742 0.03923 ( 1)
 123 P   0.68879 0.01422 0.29006 0.00693 ( 1)
 124 T   0.11210 0.56748 0.04388 0.27654 ( 2)
 125 L   0.48939 0.19925 0.21427 0.09710 ( 1)
 126 E   0.45260 0.24691 0.18016 0.12032 ( 1)
 127 V   0.69889 0.01050 0.28550 0.00512 ( 1)
 128 K   0.36079 0.33321 0.14361 0.16238 ( 1)
 129 F   0.00616 0.66645 0.00263 0.32477 ( 2)
 130 V   0.55811 0.13720 0.23783 0.06686 ( 1)
 131 D   0.26208 0.06204 0.64565 0.03023 ( 3)
 132 K   0.04589 0.62873 0.01899 0.30639 ( 2)
 133 S   0.00219 0.67030 0.00086 0.32665 ( 2)
 134 M   0.02121 0.65226 0.00868 0.31785 ( 2)
 135 Y   0.04776 0.62717 0.01944 0.30563 ( 2)
 136 I   0.36421 0.32842 0.14733 0.16004 ( 1)
 137 N   0.26320 0.42736 0.10119 0.20826 ( 2)
 138 A   0.00125 0.66996 0.00231 0.32648 ( 2)
 139 A   0.00352 0.66902 0.00144 0.32602 ( 2)
 140 V   0.00025 0.67212 0.00011 0.32753 ( 2)
 141 K   0.00693 0.66571 0.00296 0.32441 ( 2)
 142 T   0.00159 0.67078 0.00075 0.32688 ( 2)
 143 P   0.68793 0.01506 0.28967 0.00734 ( 1)
 144 H   0.00001 0.67232 0.00004 0.32763 ( 2)
 145 C   0.66116 0.03190 0.29140 0.01554 ( 1)
 146 I   0.03548 0.63832 0.01515 0.31106 ( 2)
 147 K   0.00159 0.67084 0.00067 0.32691 ( 2)
 148 D   0.00038 0.67199 0.00016 0.32747 ( 2)
 149 I   0.00903 0.66372 0.00381 0.32344 ( 2)
 150 Y   0.07157 0.60395 0.03016 0.29431 ( 2)
 151 -   0.54411 0.16235 0.21443 0.07911 ( 1)
 152 -   0.00010 0.67225 0.00005 0.32760 ( 2)
 153 -   0.29977 0.38252 0.13131 0.18640 ( 2)
 154 N   0.00729 0.66534 0.00314 0.32423 ( 2)
 155 L   0.49928 0.18757 0.22175 0.09140 ( 1)
 156 K   0.00401 0.66851 0.00171 0.32577 ( 2)
 157 Y   0.63739 0.06802 0.26144 0.03315 ( 1)
 158 N   0.00081 0.67124 0.00085 0.32710 ( 2)
 159 I   0.55366 0.14382 0.23243 0.07008 ( 1)
 160 E   0.01902 0.65383 0.00853 0.31862 ( 2)
 161 N   0.00976 0.66308 0.00405 0.32312 ( 2)
 162 A   0.04475 0.63071 0.01718 0.30735 ( 2)
 163 P   0.01060 0.66223 0.00446 0.32271 ( 2)
 164 K   0.01953 0.65418 0.00750 0.31879 ( 2)
 165 Q   0.39684 0.29020 0.17154 0.14142 ( 1)
 166 I   0.34966 0.33627 0.15020 0.16387 ( 1)
 167 K   0.24616 0.09074 0.61888 0.04422 ( 3)
 168 F   0.37153 0.32016 0.15229 0.15602 ( 1)
 169 K   0.24028 0.08079 0.63956 0.03937 ( 3)
 170 E   0.57906 0.11689 0.24709 0.05696 ( 1)
 171 V   0.37998 0.31404 0.15294 0.15304 ( 1)
 172 K   0.00103 0.67134 0.00047 0.32715 ( 2)
 173 M   0.10192 0.57717 0.03964 0.28126 ( 2)
 174 N   0.00120 0.67117 0.00056 0.32707 ( 2)
 175 S   0.08595 0.59066 0.03555 0.28784 ( 2)
 176 A   0.25900 0.42099 0.11485 0.20516 ( 2)
 177 V   0.02013 0.65352 0.00788 0.31847 ( 2)
 178 I   0.14009 0.53982 0.05703 0.26306 ( 2)
 179 L   0.00147 0.67096 0.00060 0.32697 ( 2)
 180 D   0.61039 0.09894 0.24246 0.04821 ( 1)
 181 T   0.62239 0.07464 0.26659 0.03637 ( 1)
 182 T   0.44566 0.24989 0.18267 0.12177 ( 1)
 183 G   0.67963 0.02068 0.28961 0.01008 ( 1)
 184 L   0.24985 0.43100 0.10913 0.21003 ( 2)
 185 S   0.61082 0.09851 0.24266 0.04801 ( 1)
 186 G   0.67887 0.02141 0.28929 0.01043 ( 1)
 187 N   0.59254 0.11361 0.23849 0.05536 ( 1)
 188 Y   0.68860 0.01887 0.28333 0.00919 ( 1)
 189 C   0.69675 0.00853 0.29057 0.00416 ( 1)
 190 V   0.09269 0.45583 0.22934 0.22213 ( 2)
 191 E   0.62900 0.07947 0.25281 0.03873 ( 1)
 192 A   0.25674 0.42884 0.10544 0.20898 ( 2)
 193 L   0.10282 0.57576 0.04084 0.28057 ( 2)
 194 T   0.68728 0.02213 0.27981 0.01078 ( 1)
 195 V   0.11387 0.56532 0.04532 0.27549 ( 2)
 196 F   0.35934 0.33554 0.14161 0.16351 ( 1)
 197 T   0.37468 0.32111 0.14773 0.15648 ( 1)
 198 M   0.34642 0.34670 0.13793 0.16895 ( 2)
 199 E   0.00190 0.67058 0.00074 0.32678 ( 2)
 200 Q   0.06339 0.61276 0.02525 0.29860 ( 2)
 201 K   0.00105 0.67138 0.00041 0.32717 ( 2)
 202 K   0.70957 0.00576 0.28186 0.00281 ( 1)
 203 I   0.00003 0.67216 0.00026 0.32755 ( 2)
 204 S   0.68840 0.01280 0.29257 0.00624 ( 1)
 205 Q   0.01275 0.66012 0.00544 0.32169 ( 2)
 206 P   0.08131 0.47341 0.21458 0.23070 ( 2)
 207 S   0.66329 0.03190 0.28926 0.01555 ( 1)
 208 K   0.00002 0.67232 0.00004 0.32763 ( 2)
 209 P   0.69244 0.01203 0.28966 0.00586 ( 1)
 210 F   0.24674 0.44017 0.09859 0.21450 ( 2)
 211 C   0.65902 0.03397 0.29045 0.01656 ( 1)
 212 H   0.26514 0.41908 0.11155 0.20422 ( 2)
 213 L   0.21543 0.47189 0.08272 0.22996 ( 2)
 214 F   0.17109 0.51161 0.06799 0.24931 ( 2)
 215 -   0.10672 0.57163 0.04308 0.27856 ( 2)
 216 -   0.11753 0.56152 0.04731 0.27364 ( 2)
 217 K   0.67106 0.04195 0.26656 0.02044 ( 1)
 218 D   0.71650 0.00351 0.27827 0.00171 ( 1)
 219 E   0.11655 0.56245 0.04692 0.27409 ( 2)
 220 E   0.00009 0.67227 0.00004 0.32760 ( 2)
 221 Y   0.01794 0.62946 0.04586 0.30674 ( 2)
 222 N   0.19892 0.19112 0.51683 0.09313 ( 3)
 223 S   0.01050 0.66239 0.00431 0.32279 ( 2)
 224 G   0.01795 0.65532 0.00738 0.31935 ( 2)
 225 H   0.01409 0.65899 0.00578 0.32113 ( 2)
 226 N   0.00290 0.66964 0.00114 0.32632 ( 2)
 227 W   0.00014 0.67222 0.00006 0.32758 ( 2)
 228 S   0.00334 0.66909 0.00151 0.32605 ( 2)
 229 F   0.01087 0.66176 0.00489 0.32248 ( 2)
 230 A   0.00889 0.66380 0.00384 0.32348 ( 2)
 231 V   0.04040 0.63455 0.01582 0.30923 ( 2)
 232 L   0.00119 0.67117 0.00058 0.32707 ( 2)
 233 I   0.08451 0.58784 0.04118 0.28646 ( 2)
 234 L   0.00741 0.66494 0.00361 0.32403 ( 2)
 235 F   0.00290 0.66946 0.00141 0.32623 ( 2)
 236 P   0.00190 0.67045 0.00093 0.32672 ( 2)
 237 I   0.12436 0.54800 0.06060 0.26705 ( 2)
 238 L   0.14629 0.52607 0.07129 0.25636 ( 2)
 239 L   0.00077 0.67159 0.00037 0.32727 ( 2)
 240 I   0.00425 0.66810 0.00207 0.32557 ( 2)
 241 S   0.01952 0.65283 0.00951 0.31813 ( 2)
 242 G   0.00406 0.66829 0.00198 0.32567 ( 2)
 243 I   0.00906 0.66330 0.00441 0.32323 ( 2)
 244 L   0.13781 0.53455 0.06715 0.26049 ( 2)
 245 L   0.37963 0.29272 0.18500 0.14265 ( 1)
 246 Y   0.12107 0.55129 0.05900 0.26865 ( 2)
 247 T   0.00085 0.67150 0.00041 0.32723 ( 2)
 248 S   0.00141 0.67095 0.00069 0.32696 ( 2)
 249 -   0.33552 0.33684 0.16350 0.16414 ( 2)
 250 -   0.35096 0.32139 0.17103 0.15662 ( 1)
 251 -   0.32656 0.34579 0.15914 0.16851 ( 2)
 252 -   0.61159 0.06076 0.29804 0.02961 ( 1)
 253 -   0.23879 0.43356 0.11637 0.21128 ( 2)
 254 -   0.55289 0.11947 0.26943 0.05822 ( 1)
 255 -   0.01422 0.65813 0.00693 0.32071 ( 2)
 256 -   0.58816 0.08420 0.28662 0.04103 ( 1)
 257 -   0.09775 0.57460 0.04763 0.28001 ( 2)
 258 S   0.04850 0.62385 0.02364 0.30401 ( 2)
 259 P   0.33494 0.33741 0.16322 0.16443 ( 2)
 260 D   0.66392 0.00843 0.32354 0.00411 ( 1)
 261 I   0.08372 0.58864 0.04080 0.28685 ( 2)
 262 L   0.37775 0.29460 0.18408 0.14356 ( 1)
 263 A   0.00843 0.66392 0.00411 0.32354 ( 2)
 264 K   0.00374 0.66861 0.00182 0.32582 ( 2)
 265 Q   0.37601 0.29634 0.18324 0.14441 ( 1)
 266 R   0.01775 0.65461 0.00865 0.31900 ( 2)
 267 G   0.02257 0.64979 0.01100 0.31665 ( 2)
 268 Q   0.10873 0.56362 0.05299 0.27466 ( 2)
 269 L   0.20687 0.46548 0.10081 0.22683 ( 2)
 270 L   0.09892 0.57343 0.04821 0.27944 ( 2)
 271 W   0.00031 0.67205 0.00015 0.32750 ( 2)
 272 I   0.04971 0.62265 0.02422 0.30342 ( 2)
 273 F   0.04246 0.62989 0.02069 0.30695 ( 2)
 274 P   0.64412 0.02823 0.31389 0.01376 ( 1)
 275 D   0.00401 0.66834 0.00195 0.32569 ( 2)
 276 -   0.16847 0.50389 0.08210 0.24555 ( 2)
 277 -   0.23899 0.43337 0.11646 0.21118 ( 2)
 278 -   0.02471 0.64765 0.01204 0.31561 ( 2)
 279 -   0.59820 0.07415 0.29151 0.03613 ( 1)
 280 -   0.00911 0.66324 0.00444 0.32321 ( 2)
 281 -   0.10053 0.57182 0.04899 0.27866 ( 2)
 282 -   0.08743 0.58493 0.04260 0.28504 ( 2)
 283 -   0.29733 0.37503 0.14489 0.18276 ( 2)
 284 -   0.59412 0.07824 0.28952 0.03813 ( 1)
 285 -   0.00826 0.66409 0.00403 0.32362 ( 2)
 286 -   0.40495 0.26741 0.19734 0.13031 ( 1)
 287 -   0.00157 0.67079 0.00076 0.32688 ( 2)
 288 -   0.00192 0.67043 0.00094 0.32671 ( 2)
 289 -   0.33033 0.34202 0.16097 0.16667 ( 2)
 290 -   0.00963 0.66272 0.00469 0.32295 ( 2)
 291 -   0.35561 0.31675 0.17329 0.15435 ( 1)
 292 -   0.54671 0.12565 0.26642 0.06123 ( 1)
 293 -   0.06358 0.60877 0.03099 0.29666 ( 2)
 294 -   0.25801 0.41434 0.12573 0.20191 ( 2)
 295 -   0.25467 0.41769 0.12410 0.20354 ( 2)
 296 -   0.56033 0.11202 0.27306 0.05459 ( 1)
 297 -   0.61159 0.06076 0.29804 0.02961 ( 1)
 298 -   0.10144 0.57091 0.04943 0.27821 ( 2)
 299 -   0.21281 0.45954 0.10371 0.22394 ( 2)
 300 -   0.08485 0.58750 0.04135 0.28630 ( 2)
 301 -   0.34256 0.32979 0.16694 0.16071 ( 1)
 302 -   0.42557 0.24678 0.20739 0.12026 ( 1)
 303 -   0.01696 0.65540 0.00826 0.31938 ( 2)
 304 -   0.01197 0.66039 0.00583 0.32182 ( 2)
 305 -   0.14033 0.53202 0.06838 0.25926 ( 2)
 306 -   0.62617 0.04618 0.30514 0.02251 ( 1)
 307 -   0.56063 0.11173 0.27320 0.05445 ( 1)
 308 -   0.25427 0.41808 0.12391 0.20374 ( 2)
 309 -   0.12929 0.54307 0.06300 0.26464 ( 2)
 310 -   0.59889 0.07346 0.29185 0.03580 ( 1)
 311 -   0.51954 0.15282 0.25318 0.07447 ( 1)
 312 -   0.54366 0.12870 0.26493 0.06272 ( 1)
 313 -   0.26828 0.40408 0.13074 0.19691 ( 2)
 314 -   0.01620 0.65615 0.00790 0.31975 ( 2)
 315 -   0.51361 0.15874 0.25029 0.07736 ( 1)
 316 -   0.55431 0.11804 0.27012 0.05752 ( 1)
 317 -   0.52102 0.15133 0.25390 0.07375 ( 1)
 318 -   0.51954 0.15282 0.25318 0.07447 ( 1)
 319 -   0.62294 0.04942 0.30356 0.02408 ( 1)
 320 -   0.53759 0.13476 0.26198 0.06567 ( 1)
 321 -   0.45871 0.21364 0.22354 0.10411 ( 1)
 322 -   0.52448 0.14788 0.25558 0.07206 ( 1)
 323 -   0.60452 0.06784 0.29459 0.03306 ( 1)
 324 -   0.62294 0.04942 0.30356 0.02408 ( 1)
 325 -   0.28960 0.38276 0.14112 0.18652 ( 2)
 326 -   0.08643 0.58592 0.04212 0.28553 ( 2)
 327 -   0.52240 0.14995 0.25457 0.07307 ( 1)
 328 -   0.05862 0.61374 0.02856 0.29908 ( 2)
 329 -   0.05576 0.61660 0.02717 0.30047 ( 2)
 330 -   0.05102 0.62133 0.02486 0.30278 ( 2)
 331 -   0.60829 0.06406 0.29643 0.03122 ( 1)
 332 -   0.59290 0.07945 0.28893 0.03872 ( 1)
 333 -   0.03139 0.64096 0.01530 0.31235 ( 2)
 334 -   0.05577 0.61659 0.02718 0.30047 ( 2)
 335 -   0.09404 0.57832 0.04582 0.28182 ( 2)
 336 -   0.58143 0.09093 0.28334 0.04431 ( 1)
 337 -   0.51957 0.15278 0.25319 0.07445 ( 1)
 338 -   0.08737 0.58499 0.04258 0.28507 ( 2)
 339 -   0.54519 0.12717 0.26568 0.06197 ( 1)
 340 -   0.21847 0.45388 0.10646 0.22118 ( 2)
 341 -   0.56907 0.10328 0.27731 0.05033 ( 1)
 342 -   0.62768 0.04467 0.30588 0.02177 ( 1)
 343 -   0.59319 0.07917 0.28907 0.03858 ( 1)
 344 -   0.53342 0.13893 0.25994 0.06770 ( 1)
 345 -   0.55647 0.11588 0.27118 0.05647 ( 1)
 346 -   0.53342 0.13893 0.25994 0.06770 ( 1)
 347 -   0.58133 0.09103 0.28329 0.04436 ( 1)
 348 -   0.01030 0.66206 0.00502 0.32263 ( 2)
 349 -   0.06793 0.60443 0.03310 0.29454 ( 2)
 350 -   0.09972 0.57264 0.04859 0.27905 ( 2)
 351 -   0.23027 0.44209 0.11221 0.21543 ( 2)
 352 -   0.08229 0.59006 0.04010 0.28754 ( 2)
 353 -   0.06832 0.60404 0.03329 0.29435 ( 2)
 354 -   0.06899 0.60337 0.03362 0.29403 ( 2)
 355 -   0.16860 0.50375 0.08216 0.24548 ( 2)
 356 -   0.25508 0.41728 0.12430 0.20334 ( 2)
 357 -   0.04857 0.62378 0.02367 0.30398 ( 2)
 358 -   0.27185 0.40051 0.13247 0.19517 ( 2)
 359 -   0.62617 0.04618 0.30514 0.02251 ( 1)
 360 -   0.33390 0.33846 0.16271 0.16493 ( 2)
 361 -   0.25550 0.41685 0.12451 0.20314 ( 2)
 362 -   0.09805 0.57431 0.04778 0.27987 ( 2)
 363 -   0.37381 0.29854 0.18216 0.14548 ( 1)
 364 -   0.54505 0.12731 0.26561 0.06204 ( 1)
 365 -   0.53796 0.13440 0.26215 0.06549 ( 1)
 366 -   0.61392 0.05843 0.29917 0.02847 ( 1)
 367 -   0.13160 0.54075 0.06413 0.26351 ( 2)
 368 -   0.08213 0.59023 0.04002 0.28762 ( 2)
 369 -   0.29035 0.38200 0.14149 0.18615 ( 2)
 370 -   0.40422 0.26814 0.19698 0.13067 ( 1)
 371 -   0.20120 0.47116 0.09805 0.22960 ( 2)
 372 -   0.02245 0.64990 0.01094 0.31670 ( 2)
 373 -   0.00794 0.66442 0.00387 0.32378 ( 2)
 374 -   0.59313 0.07922 0.28904 0.03860 ( 1)
 375 -   0.20561 0.46675 0.10020 0.22745 ( 2)
 376 -   0.28834 0.38401 0.14051 0.18713 ( 2)
 377 -   0.21805 0.45431 0.10626 0.22139 ( 2)
 378 -   0.08550 0.58686 0.04166 0.28598 ( 2)
 379 -   0.57816 0.09419 0.28175 0.04590 ( 1)
 380 -   0.50880 0.16355 0.24795 0.07970 ( 1)
 381 -   0.58188 0.09048 0.28355 0.04409 ( 1)
 382 S   0.62240 0.04995 0.30330 0.02434 ( 1)
 383 A   0.57791 0.09445 0.28162 0.04602 ( 1)
 384 G   0.51464 0.15771 0.25079 0.07685 ( 1)
 385 N   0.46635 0.20600 0.22726 0.10039 ( 1)
 386 C   0.55587 0.11648 0.27088 0.05676 ( 1)
 387 V   0.01456 0.65779 0.00710 0.32055 ( 2)
 388 P   0.03202 0.64034 0.01560 0.31204 ( 2)
 389 Q   0.39535 0.27700 0.19266 0.13499 ( 1)
 390 S   0.02221 0.65014 0.01082 0.31682 ( 2)
 391 F   0.65052 0.02183 0.31701 0.01064 ( 1)


lnL = -5819.897502

