Supplemental results for CODEML (seqf: align.fa  treef: tree.nwk)


MLEs of dN/dS (w) for site classes (K=4)

site class             0        1       2a       2b
proportion       0.45465  0.54535  0.00000  0.00000
background w     0.17931  1.00000  0.17931  1.00000
foreground w     0.17931  1.00000  1.00000  1.00000

Naive Empirical Bayes (NEB) probabilities for 4 classes
(amino acids refer to 1st sequence: xeno|270561947)

   1 M   0.99538 0.00462 0.00000 0.00000 ( 1)
   2 S   0.98073 0.01927 0.00000 0.00000 ( 1)
   3 V   0.07754 0.92246 0.00000 0.00000 ( 2)
   4 W   0.42384 0.57616 0.00000 0.00000 ( 2)
   5 F   0.57028 0.42972 0.00000 0.00000 ( 1)
   6 T   0.00067 0.99933 0.00000 0.00000 ( 2)
   7 W   0.53973 0.46027 0.00000 0.00000 ( 1)
   8 A   0.17414 0.82586 0.00000 0.00000 ( 2)
   9 F   0.58789 0.41211 0.00000 0.00000 ( 1)
  10 L   0.91539 0.08461 0.00000 0.00000 ( 1)
  11 I   0.02664 0.97336 0.00000 0.00000 ( 2)
  12 S   0.12101 0.87899 0.00000 0.00000 ( 2)
  13 Q   0.00119 0.99881 0.00000 0.00000 ( 2)
  14 C   0.41067 0.58933 0.00000 0.00000 ( 2)
  15 F   0.57127 0.42873 0.00000 0.00000 ( 1)
  16 V   0.46236 0.53764 0.00000 0.00000 ( 2)
  17 L   0.01298 0.98702 0.00000 0.00000 ( 2)
  18 Q   0.02536 0.97464 0.00000 0.00000 ( 2)
  19 I   0.68313 0.31687 0.00000 0.00000 ( 1)
  20 A   0.79066 0.20934 0.00000 0.00000 ( 1)
  21 G   0.96934 0.03066 0.00000 0.00000 ( 1)
  22 L   0.07215 0.92785 0.00000 0.00000 ( 2)
  23 L   0.57549 0.42451 0.00000 0.00000 ( 1)
  24 H   0.94982 0.05018 0.00000 0.00000 ( 1)
  25 P   0.67047 0.32953 0.00000 0.00000 ( 1)
  26 P   0.98644 0.01356 0.00000 0.00000 ( 1)
  27 L   0.04226 0.95774 0.00000 0.00000 ( 2)
  28 N   0.99292 0.00708 0.00000 0.00000 ( 1)
  29 V   0.95297 0.04703 0.00000 0.00000 ( 1)
  30 T   0.15223 0.84777 0.00000 0.00000 ( 2)
  31 T   0.25155 0.74845 0.00000 0.00000 ( 2)
  32 I   0.78314 0.21686 0.00000 0.00000 ( 1)
  33 S   0.95470 0.04530 0.00000 0.00000 ( 1)
  34 R   0.68878 0.31122 0.00000 0.00000 ( 1)
  35 N   0.98612 0.01388 0.00000 0.00000 ( 1)
  36 F   0.10777 0.89223 0.00000 0.00000 ( 2)
  37 R   0.96640 0.03360 0.00000 0.00000 ( 1)
  38 L   0.93740 0.06260 0.00000 0.00000 ( 1)
  39 F   0.99199 0.00801 0.00000 0.00000 ( 1)
  40 L   0.95825 0.04175 0.00000 0.00000 ( 1)
  41 T   0.88286 0.11714 0.00000 0.00000 ( 1)
  42 W   0.86898 0.13102 0.00000 0.00000 ( 1)
  43 A   0.65663 0.34337 0.00000 0.00000 ( 1)
  44 P   0.98231 0.01769 0.00000 0.00000 ( 1)
  45 D   0.32768 0.67232 0.00000 0.00000 ( 2)
  46 P   0.24055 0.75945 0.00000 0.00000 ( 2)
  47 R   0.00265 0.99735 0.00000 0.00000 ( 2)
  48 N   0.80435 0.19565 0.00000 0.00000 ( 1)
  49 P   0.55022 0.44978 0.00000 0.00000 ( 1)
  50 P   0.43124 0.56876 0.00000 0.00000 ( 2)
  51 N   0.05076 0.94924 0.00000 0.00000 ( 2)
  52 V   0.98503 0.01497 0.00000 0.00000 ( 1)
  53 S   0.43604 0.56396 0.00000 0.00000 ( 2)
  54 Y   0.98368 0.01632 0.00000 0.00000 ( 1)
  55 Q   0.33095 0.66905 0.00000 0.00000 ( 2)
  56 V   0.97951 0.02049 0.00000 0.00000 ( 1)
  57 A   0.03210 0.96790 0.00000 0.00000 ( 2)
  58 Y   0.96136 0.03864 0.00000 0.00000 ( 1)
  59 Y   0.00317 0.99683 0.00000 0.00000 ( 2)
  60 M   0.17144 0.82856 0.00000 0.00000 ( 2)
  61 F   0.07500 0.92500 0.00000 0.00000 ( 2)
  62 I   0.06375 0.93625 0.00000 0.00000 ( 2)
  63 E   0.11733 0.88267 0.00000 0.00000 ( 2)
  64 K   0.36576 0.63424 0.00000 0.00000 ( 2)
  65 K   0.90966 0.09034 0.00000 0.00000 ( 1)
  66 W   0.86898 0.13102 0.00000 0.00000 ( 1)
  67 N   0.42591 0.57409 0.00000 0.00000 ( 2)
  68 K   0.00024 0.99976 0.00000 0.00000 ( 2)
  69 -   0.74069 0.25931 0.00000 0.00000 ( 1)
  70 K   0.50085 0.49915 0.00000 0.00000 ( 1)
  71 N   0.00228 0.99772 0.00000 0.00000 ( 2)
  72 C   0.98318 0.01682 0.00000 0.00000 ( 1)
  73 R   0.09698 0.90302 0.00000 0.00000 ( 2)
  74 N   0.99463 0.00537 0.00000 0.00000 ( 1)
  75 I   0.86669 0.13331 0.00000 0.00000 ( 1)
  76 T   0.80858 0.19142 0.00000 0.00000 ( 1)
  77 G   0.05436 0.94564 0.00000 0.00000 ( 2)
  78 K   0.92306 0.07694 0.00000 0.00000 ( 1)
  79 E   0.86208 0.13792 0.00000 0.00000 ( 1)
  80 C   0.98737 0.01263 0.00000 0.00000 ( 1)
  81 D   0.21866 0.78134 0.00000 0.00000 ( 2)
  82 L   0.33166 0.66834 0.00000 0.00000 ( 2)
  83 T   0.96569 0.03431 0.00000 0.00000 ( 1)
  84 C   0.98318 0.01682 0.00000 0.00000 ( 1)
  85 L   0.01869 0.98131 0.00000 0.00000 ( 2)
  86 F   0.68156 0.31844 0.00000 0.00000 ( 1)
  87 Y   0.21770 0.78230 0.00000 0.00000 ( 2)
  88 T   0.18397 0.81603 0.00000 0.00000 ( 2)
  89 H   0.00235 0.99765 0.00000 0.00000 ( 2)
  90 N   0.23420 0.76580 0.00000 0.00000 ( 2)
  91 Y   0.67404 0.32596 0.00000 0.00000 ( 1)
  92 I   0.00085 0.99915 0.00000 0.00000 ( 2)
  93 V   0.98503 0.01497 0.00000 0.00000 ( 1)
  94 G   0.03427 0.96573 0.00000 0.00000 ( 2)
  95 V   0.94059 0.05941 0.00000 0.00000 ( 1)
  96 R   0.27771 0.72229 0.00000 0.00000 ( 2)
  97 T   0.39176 0.60824 0.00000 0.00000 ( 2)
  98 K   0.03171 0.96829 0.00000 0.00000 ( 2)
  99 F   0.71035 0.28965 0.00000 0.00000 ( 1)
 100 G   0.14666 0.85334 0.00000 0.00000 ( 2)
 101 S   0.83666 0.16334 0.00000 0.00000 ( 1)
 102 S   0.00073 0.99927 0.00000 0.00000 ( 2)
 103 M   0.49519 0.50481 0.00000 0.00000 ( 2)
 104 S   0.96766 0.03234 0.00000 0.00000 ( 1)
 105 K   0.05431 0.94569 0.00000 0.00000 ( 2)
 106 W   0.86898 0.13102 0.00000 0.00000 ( 1)
 107 E   0.62353 0.37647 0.00000 0.00000 ( 1)
 108 E   0.30495 0.69505 0.00000 0.00000 ( 2)
 109 I   0.67878 0.32122 0.00000 0.00000 ( 1)
 110 K   0.03208 0.96792 0.00000 0.00000 ( 2)
 111 D   0.98124 0.01876 0.00000 0.00000 ( 1)
 112 I   0.99058 0.00942 0.00000 0.00000 ( 1)
 113 S   0.00474 0.99526 0.00000 0.00000 ( 2)
 114 Y   0.95401 0.04599 0.00000 0.00000 ( 1)
 115 I   0.16261 0.83739 0.00000 0.00000 ( 2)
 116 F   0.77291 0.22709 0.00000 0.00000 ( 1)
 117 T   0.98484 0.01516 0.00000 0.00000 ( 1)
 118 V   0.92698 0.07302 0.00000 0.00000 ( 1)
 119 D   0.94141 0.05859 0.00000 0.00000 ( 1)
 120 P   0.97998 0.02002 0.00000 0.00000 ( 1)
 121 E   0.78325 0.21675 0.00000 0.00000 ( 1)
 122 A   0.89710 0.10290 0.00000 0.00000 ( 1)
 123 P   0.97974 0.02026 0.00000 0.00000 ( 1)
 124 T   0.21872 0.78128 0.00000 0.00000 ( 2)
 125 L   0.73694 0.26306 0.00000 0.00000 ( 1)
 126 E   0.69765 0.30235 0.00000 0.00000 ( 1)
 127 V   0.98503 0.01497 0.00000 0.00000 ( 1)
 128 K   0.57949 0.42051 0.00000 0.00000 ( 1)
 129 F   0.01487 0.98513 0.00000 0.00000 ( 2)
 130 V   0.82237 0.17763 0.00000 0.00000 ( 1)
 131 D   0.83733 0.16267 0.00000 0.00000 ( 1)
 132 K   0.09718 0.90282 0.00000 0.00000 ( 2)
 133 S   0.00585 0.99415 0.00000 0.00000 ( 2)
 134 M   0.04855 0.95145 0.00000 0.00000 ( 2)
 135 Y   0.10038 0.89962 0.00000 0.00000 ( 2)
 136 I   0.58491 0.41509 0.00000 0.00000 ( 1)
 137 N   0.45526 0.54474 0.00000 0.00000 ( 2)
 138 A   0.00325 0.99675 0.00000 0.00000 ( 2)
 139 A   0.00917 0.99083 0.00000 0.00000 ( 2)
 140 V   0.00072 0.99928 0.00000 0.00000 ( 2)
 141 K   0.01637 0.98363 0.00000 0.00000 ( 2)
 142 T   0.00399 0.99601 0.00000 0.00000 ( 2)
 143 P   0.97857 0.02143 0.00000 0.00000 ( 1)
 144 H   0.00005 0.99995 0.00000 0.00000 ( 2)
 145 C   0.95463 0.04537 0.00000 0.00000 ( 1)
 146 I   0.07562 0.92438 0.00000 0.00000 ( 2)
 147 K   0.00415 0.99585 0.00000 0.00000 ( 2)
 148 D   0.00104 0.99896 0.00000 0.00000 ( 2)
 149 I   0.02094 0.97906 0.00000 0.00000 ( 2)
 150 Y   0.14398 0.85602 0.00000 0.00000 ( 2)
 151 -   0.79742 0.20258 0.00000 0.00000 ( 1)
 152 -   0.00030 0.99970 0.00000 0.00000 ( 2)
 153 -   0.48305 0.51695 0.00000 0.00000 ( 2)
 154 N   0.01733 0.98267 0.00000 0.00000 ( 2)
 155 L   0.75301 0.24699 0.00000 0.00000 ( 1)
 156 K   0.00973 0.99027 0.00000 0.00000 ( 2)
 157 Y   0.91289 0.08711 0.00000 0.00000 ( 1)
 158 N   0.00234 0.99766 0.00000 0.00000 ( 2)
 159 I   0.81217 0.18783 0.00000 0.00000 ( 1)
 160 E   0.04078 0.95922 0.00000 0.00000 ( 2)
 161 N   0.02265 0.97735 0.00000 0.00000 ( 2)
 162 A   0.10002 0.89998 0.00000 0.00000 ( 2)
 163 P   0.02476 0.97524 0.00000 0.00000 ( 2)
 164 K   0.04637 0.95363 0.00000 0.00000 ( 2)
 165 Q   0.61914 0.38086 0.00000 0.00000 ( 1)
 166 I   0.56268 0.43732 0.00000 0.00000 ( 1)
 167 K   0.76979 0.23021 0.00000 0.00000 ( 1)
 168 F   0.59150 0.40850 0.00000 0.00000 ( 1)
 169 K   0.78320 0.21680 0.00000 0.00000 ( 1)
 170 E   0.84914 0.15086 0.00000 0.00000 ( 1)
 171 V   0.60625 0.39375 0.00000 0.00000 ( 1)
 172 K   0.00261 0.99739 0.00000 0.00000 ( 2)
 173 M   0.20514 0.79486 0.00000 0.00000 ( 2)
 174 N   0.00308 0.99692 0.00000 0.00000 ( 2)
 175 S   0.16884 0.83116 0.00000 0.00000 ( 2)
 176 A   0.43670 0.56330 0.00000 0.00000 ( 2)
 177 V   0.04606 0.95394 0.00000 0.00000 ( 2)
 178 I   0.26399 0.73601 0.00000 0.00000 ( 2)
 179 L   0.00374 0.99626 0.00000 0.00000 ( 2)
 180 D   0.88162 0.11838 0.00000 0.00000 ( 1)
 181 T   0.90168 0.09832 0.00000 0.00000 ( 1)
 182 T   0.68971 0.31029 0.00000 0.00000 ( 1)
 183 G   0.97070 0.02930 0.00000 0.00000 ( 1)
 184 L   0.42368 0.57632 0.00000 0.00000 ( 2)
 185 S   0.88146 0.11854 0.00000 0.00000 ( 1)
 186 G   0.96969 0.03031 0.00000 0.00000 ( 1)
 187 N   0.86323 0.13677 0.00000 0.00000 ( 1)
 188 Y   0.97345 0.02655 0.00000 0.00000 ( 1)
 189 C   0.98780 0.01220 0.00000 0.00000 ( 1)
 190 V   0.22305 0.77695 0.00000 0.00000 ( 2)
 191 E   0.89986 0.10014 0.00000 0.00000 ( 1)
 192 A   0.43091 0.56909 0.00000 0.00000 ( 2)
 193 L   0.20302 0.79698 0.00000 0.00000 ( 2)
 194 T   0.96886 0.03114 0.00000 0.00000 ( 1)
 195 V   0.22021 0.77979 0.00000 0.00000 ( 2)
 196 F   0.57190 0.42810 0.00000 0.00000 ( 1)
 197 T   0.59666 0.40334 0.00000 0.00000 ( 1)
 198 M   0.56133 0.43867 0.00000 0.00000 ( 1)
 199 E   0.00509 0.99491 0.00000 0.00000 ( 2)
 200 Q   0.13405 0.86595 0.00000 0.00000 ( 2)
 201 K   0.00302 0.99698 0.00000 0.00000 ( 2)
 202 K   0.99177 0.00823 0.00000 0.00000 ( 1)
 203 I   0.00010 0.99990 0.00000 0.00000 ( 2)
 204 S   0.98170 0.01830 0.00000 0.00000 ( 1)
 205 Q   0.02964 0.97036 0.00000 0.00000 ( 2)
 206 P   0.19443 0.80557 0.00000 0.00000 ( 2)
 207 S   0.95470 0.04530 0.00000 0.00000 ( 1)
 208 K   0.00006 0.99994 0.00000 0.00000 ( 2)
 209 P   0.98289 0.01711 0.00000 0.00000 ( 1)
 210 F   0.42096 0.57904 0.00000 0.00000 ( 2)
 211 C   0.95174 0.04826 0.00000 0.00000 ( 1)
 212 H   0.44526 0.55474 0.00000 0.00000 ( 2)
 213 L   0.39012 0.60988 0.00000 0.00000 ( 2)
 214 F   0.31498 0.68502 0.00000 0.00000 ( 2)
 215 -   0.19913 0.80087 0.00000 0.00000 ( 2)
 216 -   0.21917 0.78083 0.00000 0.00000 ( 2)
 217 K   0.94640 0.05360 0.00000 0.00000 ( 1)
 218 D   0.99496 0.00504 0.00000 0.00000 ( 1)
 219 E   0.22464 0.77536 0.00000 0.00000 ( 2)
 220 E   0.00027 0.99973 0.00000 0.00000 ( 2)
 221 Y   0.04291 0.95709 0.00000 0.00000 ( 2)
 222 N   0.56867 0.43133 0.00000 0.00000 ( 1)
 223 S   0.02435 0.97565 0.00000 0.00000 ( 2)
 224 G   0.04142 0.95858 0.00000 0.00000 ( 2)
 225 H   0.03013 0.96987 0.00000 0.00000 ( 2)
 226 N   0.00757 0.99243 0.00000 0.00000 ( 2)
 227 W   0.00042 0.99958 0.00000 0.00000 ( 2)
 228 S   0.00795 0.99205 0.00000 0.00000 ( 2)
 229 F   0.02502 0.97498 0.00000 0.00000 ( 2)
 230 A   0.02074 0.97926 0.00000 0.00000 ( 2)
 231 V   0.08881 0.91119 0.00000 0.00000 ( 2)
 232 L   0.00310 0.99690 0.00000 0.00000 ( 2)
 233 I   0.16218 0.83782 0.00000 0.00000 ( 2)
 234 L   0.01741 0.98259 0.00000 0.00000 ( 2)
 235 F   0.00733 0.99267 0.00000 0.00000 ( 2)
 236 P   0.00489 0.99511 0.00000 0.00000 ( 2)
 237 I   0.22831 0.77169 0.00000 0.00000 ( 2)
 238 L   0.27325 0.72675 0.00000 0.00000 ( 2)
 239 L   0.00200 0.99800 0.00000 0.00000 ( 2)
 240 I   0.01051 0.98949 0.00000 0.00000 ( 2)
 241 S   0.04375 0.95625 0.00000 0.00000 ( 2)
 242 G   0.00955 0.99045 0.00000 0.00000 ( 2)
 243 I   0.02055 0.97945 0.00000 0.00000 ( 2)
 244 L   0.24543 0.75457 0.00000 0.00000 ( 2)
 245 L   0.59742 0.40258 0.00000 0.00000 ( 1)
 246 Y   0.21798 0.78202 0.00000 0.00000 ( 2)
 247 T   0.00224 0.99776 0.00000 0.00000 ( 2)
 248 S   0.00357 0.99643 0.00000 0.00000 ( 2)
 249 -   0.53505 0.46495 0.00000 0.00000 ( 1)
 250 -   0.55768 0.44232 0.00000 0.00000 ( 1)
 251 -   0.52199 0.47801 0.00000 0.00000 ( 1)
 252 -   0.91178 0.08822 0.00000 0.00000 ( 1)
 253 -   0.39255 0.60745 0.00000 0.00000 ( 2)
 254 -   0.82900 0.17100 0.00000 0.00000 ( 1)
 255 -   0.03044 0.96956 0.00000 0.00000 ( 2)
 256 -   0.87869 0.12131 0.00000 0.00000 ( 1)
 257 -   0.18048 0.81952 0.00000 0.00000 ( 2)
 258 S   0.09749 0.90251 0.00000 0.00000 ( 2)
 259 P   0.53166 0.46834 0.00000 0.00000 ( 1)
 260 D   0.98687 0.01313 0.00000 0.00000 ( 1)
 261 I   0.16347 0.83653 0.00000 0.00000 ( 2)
 262 L   0.59315 0.40685 0.00000 0.00000 ( 1)
 263 A   0.01941 0.98059 0.00000 0.00000 ( 2)
 264 K   0.00892 0.99108 0.00000 0.00000 ( 2)
 265 Q   0.60778 0.39222 0.00000 0.00000 ( 1)
 266 R   0.03960 0.96040 0.00000 0.00000 ( 2)
 267 G   0.04695 0.95305 0.00000 0.00000 ( 2)
 268 Q   0.19825 0.80175 0.00000 0.00000 ( 2)
 269 L   0.35821 0.64179 0.00000 0.00000 ( 2)
 270 L   0.19158 0.80842 0.00000 0.00000 ( 2)
 271 W   0.00083 0.99917 0.00000 0.00000 ( 2)
 272 I   0.10073 0.89927 0.00000 0.00000 ( 2)
 273 F   0.08466 0.91534 0.00000 0.00000 ( 2)
 274 P   0.95760 0.04240 0.00000 0.00000 ( 1)
 275 D   0.00967 0.99033 0.00000 0.00000 ( 2)
 276 -   0.28342 0.71658 0.00000 0.00000 ( 2)
 277 -   0.39353 0.60647 0.00000 0.00000 ( 2)
 278 -   0.04841 0.95159 0.00000 0.00000 ( 2)
 279 -   0.89272 0.10728 0.00000 0.00000 ( 1)
 280 -   0.01976 0.98024 0.00000 0.00000 ( 2)
 281 -   0.18586 0.81414 0.00000 0.00000 ( 2)
 282 -   0.16299 0.83701 0.00000 0.00000 ( 2)
 283 -   0.48023 0.51977 0.00000 0.00000 ( 2)
 284 -   0.88711 0.11289 0.00000 0.00000 ( 1)
 285 -   0.01796 0.98204 0.00000 0.00000 ( 2)
 286 -   0.63440 0.36560 0.00000 0.00000 ( 1)
 287 -   0.00382 0.99618 0.00000 0.00000 ( 2)
 288 -   0.00468 0.99532 0.00000 0.00000 ( 2)
 289 -   0.52694 0.47306 0.00000 0.00000 ( 1)
 290 -   0.02084 0.97916 0.00000 0.00000 ( 2)
 291 -   0.56506 0.43494 0.00000 0.00000 ( 1)
 292 -   0.82044 0.17956 0.00000 0.00000 ( 1)
 293 -   0.12034 0.87966 0.00000 0.00000 ( 2)
 294 -   0.42125 0.57875 0.00000 0.00000 ( 2)
 295 -   0.41653 0.58347 0.00000 0.00000 ( 2)
 296 -   0.83885 0.16115 0.00000 0.00000 ( 1)
 297 -   0.91178 0.08822 0.00000 0.00000 ( 1)
 298 -   0.18708 0.81292 0.00000 0.00000 ( 2)
 299 -   0.35259 0.64741 0.00000 0.00000 ( 2)
 300 -   0.15757 0.84243 0.00000 0.00000 ( 2)
 301 -   0.54668 0.45332 0.00000 0.00000 ( 1)
 302 -   0.66386 0.33614 0.00000 0.00000 ( 1)
 303 -   0.03618 0.96382 0.00000 0.00000 ( 2)
 304 -   0.02574 0.97426 0.00000 0.00000 ( 2)
 305 -   0.25273 0.74727 0.00000 0.00000 ( 2)
 306 -   0.93259 0.06741 0.00000 0.00000 ( 1)
 307 -   0.83954 0.16046 0.00000 0.00000 ( 1)
 308 -   0.41607 0.58393 0.00000 0.00000 ( 2)
 309 -   0.23417 0.76583 0.00000 0.00000 ( 2)
 310 -   0.89322 0.10678 0.00000 0.00000 ( 1)
 311 -   0.78153 0.21847 0.00000 0.00000 ( 1)
 312 -   0.81539 0.18461 0.00000 0.00000 ( 1)
 313 -   0.43640 0.56360 0.00000 0.00000 ( 2)
 314 -   0.03456 0.96544 0.00000 0.00000 ( 2)
 315 -   0.77302 0.22698 0.00000 0.00000 ( 1)
 316 -   0.83134 0.16866 0.00000 0.00000 ( 1)
 317 -   0.78345 0.21655 0.00000 0.00000 ( 1)
 318 -   0.78153 0.21847 0.00000 0.00000 ( 1)
 319 -   0.92822 0.07178 0.00000 0.00000 ( 1)
 320 -   0.80729 0.19271 0.00000 0.00000 ( 1)
 321 -   0.69492 0.30508 0.00000 0.00000 ( 1)
 322 -   0.78843 0.21157 0.00000 0.00000 ( 1)
 323 -   0.90141 0.09859 0.00000 0.00000 ( 1)
 324 -   0.92822 0.07178 0.00000 0.00000 ( 1)
 325 -   0.47024 0.52976 0.00000 0.00000 ( 2)
 326 -   0.16014 0.83986 0.00000 0.00000 ( 2)
 327 -   0.78506 0.21494 0.00000 0.00000 ( 1)
 328 -   0.11131 0.88869 0.00000 0.00000 ( 2)
 329 -   0.10588 0.89412 0.00000 0.00000 ( 2)
 330 -   0.09750 0.90250 0.00000 0.00000 ( 2)
 331 -   0.90728 0.09272 0.00000 0.00000 ( 1)
 332 -   0.88537 0.11463 0.00000 0.00000 ( 1)
 333 -   0.06139 0.93861 0.00000 0.00000 ( 2)
 334 -   0.10632 0.89368 0.00000 0.00000 ( 2)
 335 -   0.17443 0.82557 0.00000 0.00000 ( 2)
 336 -   0.86898 0.13102 0.00000 0.00000 ( 1)
 337 -   0.78148 0.21852 0.00000 0.00000 ( 1)
 338 -   0.16261 0.83739 0.00000 0.00000 ( 2)
 339 -   0.81750 0.18250 0.00000 0.00000 ( 1)
 340 -   0.36215 0.63785 0.00000 0.00000 ( 2)
 341 -   0.85162 0.14838 0.00000 0.00000 ( 1)
 342 -   0.93459 0.06541 0.00000 0.00000 ( 1)
 343 -   0.88536 0.11464 0.00000 0.00000 ( 1)
 344 -   0.80072 0.19928 0.00000 0.00000 ( 1)
 345 -   0.83370 0.16630 0.00000 0.00000 ( 1)
 346 -   0.80072 0.19928 0.00000 0.00000 ( 1)
 347 -   0.86912 0.13088 0.00000 0.00000 ( 1)
 348 -   0.02161 0.97839 0.00000 0.00000 ( 2)
 349 -   0.12800 0.87200 0.00000 0.00000 ( 2)
 350 -   0.18299 0.81701 0.00000 0.00000 ( 2)
 351 -   0.38080 0.61920 0.00000 0.00000 ( 2)
 352 -   0.15046 0.84954 0.00000 0.00000 ( 2)
 353 -   0.12748 0.87252 0.00000 0.00000 ( 2)
 354 -   0.12901 0.87099 0.00000 0.00000 ( 2)
 355 -   0.28259 0.71741 0.00000 0.00000 ( 2)
 356 -   0.41727 0.58273 0.00000 0.00000 ( 2)
 357 -   0.09271 0.90729 0.00000 0.00000 ( 2)
 358 -   0.44253 0.55747 0.00000 0.00000 ( 2)
 359 -   0.93259 0.06741 0.00000 0.00000 ( 1)
 360 -   0.53390 0.46610 0.00000 0.00000 ( 1)
 361 -   0.41914 0.58086 0.00000 0.00000 ( 2)
 362 -   0.18110 0.81890 0.00000 0.00000 ( 2)
 363 -   0.59129 0.40871 0.00000 0.00000 ( 1)
 364 -   0.81734 0.18266 0.00000 0.00000 ( 1)
 365 -   0.80745 0.19255 0.00000 0.00000 ( 1)
 366 -   0.91467 0.08533 0.00000 0.00000 ( 1)
 367 -   0.22506 0.77494 0.00000 0.00000 ( 2)
 368 -   0.15347 0.84653 0.00000 0.00000 ( 2)
 369 -   0.46971 0.53029 0.00000 0.00000 ( 2)
 370 -   0.63378 0.36622 0.00000 0.00000 ( 1)
 371 -   0.33615 0.66385 0.00000 0.00000 ( 2)
 372 -   0.04539 0.95461 0.00000 0.00000 ( 2)
 373 -   0.01729 0.98271 0.00000 0.00000 ( 2)
 374 -   0.88570 0.11430 0.00000 0.00000 ( 1)
 375 -   0.34207 0.65793 0.00000 0.00000 ( 2)
 376 -   0.46704 0.53296 0.00000 0.00000 ( 2)
 377 -   0.36094 0.63906 0.00000 0.00000 ( 2)
 378 -   0.15870 0.84130 0.00000 0.00000 ( 2)
 379 -   0.86406 0.13594 0.00000 0.00000 ( 1)
 380 -   0.76578 0.23422 0.00000 0.00000 ( 1)
 381 -   0.86995 0.13005 0.00000 0.00000 ( 1)
 382 S   0.92595 0.07405 0.00000 0.00000 ( 1)
 383 A   0.87094 0.12906 0.00000 0.00000 ( 1)
 384 G   0.78426 0.21574 0.00000 0.00000 ( 1)
 385 N   0.73018 0.26982 0.00000 0.00000 ( 1)
 386 C   0.84086 0.15914 0.00000 0.00000 ( 1)
 387 V   0.03295 0.96705 0.00000 0.00000 ( 2)
 388 P   0.06584 0.93416 0.00000 0.00000 ( 2)
 389 Q   0.62019 0.37981 0.00000 0.00000 ( 1)
 390 S   0.04611 0.95389 0.00000 0.00000 ( 2)
 391 F   0.96669 0.03331 0.00000 0.00000 ( 1)


lnL = -5821.631121

Bayes Empirical Bayes (BEB) probabilities for 4 classes (class)
(amino acids refer to 1st sequence: xeno|270561947)

   1 M   0.96807 0.00404 0.02775 0.00015 ( 1)
   2 S   0.95225 0.01728 0.02981 0.00066 ( 1)
   3 V   0.06039 0.90037 0.00221 0.03702 ( 2)
   4 W   0.36279 0.60277 0.01159 0.02285 ( 2)
   5 F   0.51912 0.44368 0.01887 0.01833 ( 1)
   6 T   0.00065 0.94185 0.00012 0.05739 ( 2)
   7 W   0.48960 0.46898 0.02030 0.02112 ( 1)
   8 A   0.13634 0.82612 0.00470 0.03284 ( 2)
   9 F   0.52366 0.44360 0.01617 0.01656 ( 1)
  10 L   0.88457 0.07933 0.03276 0.00334 ( 1)
  11 I   0.02080 0.94165 0.00071 0.03684 ( 2)
  12 S   0.09363 0.86534 0.00356 0.03747 ( 2)
  13 Q   0.00114 0.96134 0.00004 0.03748 ( 2)
  14 C   0.34943 0.61347 0.01227 0.02483 ( 2)
  15 F   0.49366 0.47567 0.01392 0.01675 ( 1)
  16 V   0.39836 0.56203 0.01541 0.02419 ( 2)
  17 L   0.01046 0.94983 0.00039 0.03932 ( 2)
  18 Q   0.02001 0.94436 0.00062 0.03501 ( 2)
  19 I   0.62136 0.34306 0.02172 0.01387 ( 1)
  20 A   0.75201 0.21653 0.02327 0.00819 ( 1)
  21 G   0.93852 0.02808 0.03228 0.00113 ( 1)
  22 L   0.05641 0.90630 0.00191 0.03538 ( 2)
  23 L   0.52815 0.43468 0.01920 0.01796 ( 1)
  24 H   0.92054 0.05030 0.02731 0.00185 ( 1)
  25 P   0.60732 0.36133 0.01810 0.01326 ( 1)
  26 P   0.95543 0.01211 0.03198 0.00048 ( 1)
  27 L   0.03333 0.92808 0.00118 0.03741 ( 2)
  28 N   0.96302 0.00609 0.03065 0.00023 ( 1)
  29 V   0.91955 0.04285 0.03574 0.00186 ( 1)
  30 T   0.11972 0.84544 0.00365 0.03118 ( 2)
  31 T   0.17775 0.68188 0.08153 0.05884 ( 2)
  32 I   0.72894 0.24030 0.02188 0.00889 ( 1)
  33 S   0.92263 0.04176 0.03386 0.00175 ( 1)
  34 R   0.64472 0.32250 0.02047 0.01231 ( 1)
  35 N   0.95693 0.01222 0.03038 0.00047 ( 1)
  36 F   0.08382 0.87497 0.00330 0.03791 ( 2)
  37 R   0.93800 0.03364 0.02714 0.00122 ( 1)
  38 L   0.90596 0.05831 0.03329 0.00244 ( 1)
  39 F   0.96501 0.00705 0.02769 0.00025 ( 1)
  40 L   0.92587 0.03849 0.03402 0.00161 ( 1)
  41 T   0.84490 0.11764 0.03240 0.00507 ( 1)
  42 W   0.83476 0.12467 0.03490 0.00567 ( 1)
  43 A   0.59216 0.37543 0.01835 0.01406 ( 1)
  44 P   0.95302 0.01596 0.03041 0.00061 ( 1)
  45 D   0.24554 0.65383 0.05899 0.04163 ( 2)
  46 P   0.20032 0.76487 0.00626 0.02856 ( 2)
  47 R   0.00247 0.96138 0.00008 0.03607 ( 2)
  48 N   0.75914 0.21212 0.02109 0.00765 ( 1)
  49 P   0.48580 0.47937 0.01597 0.01886 ( 1)
  50 P   0.36649 0.59994 0.01127 0.02230 ( 2)
  51 N   0.03917 0.92652 0.00114 0.03317 ( 2)
  52 V   0.95624 0.01330 0.02995 0.00051 ( 1)
  53 S   0.37471 0.58875 0.01297 0.02356 ( 2)
  54 Y   0.95223 0.01456 0.03262 0.00059 ( 1)
  55 Q   0.26536 0.70143 0.00784 0.02537 ( 2)
  56 V   0.95108 0.01843 0.02979 0.00070 ( 1)
  57 A   0.02535 0.93639 0.00089 0.03737 ( 2)
  58 Y   0.92881 0.03544 0.03426 0.00149 ( 1)
  59 Y   0.00277 0.95915 0.00010 0.03798 ( 2)
  60 M   0.12863 0.83924 0.00344 0.02868 ( 2)
  61 F   0.05864 0.90421 0.00190 0.03525 ( 2)
  62 I   0.04886 0.91695 0.00142 0.03277 ( 2)
  63 E   0.08872 0.87872 0.00242 0.03014 ( 2)
  64 K   0.29465 0.67057 0.00940 0.02538 ( 2)
  65 K   0.87222 0.09159 0.03234 0.00385 ( 1)
  66 W   0.83476 0.12467 0.03490 0.00567 ( 1)
  67 N   0.36460 0.60063 0.01172 0.02304 ( 2)
  68 K   0.00023 0.88601 0.00018 0.11358 ( 2)
  69 -   0.69876 0.26917 0.02184 0.01023 ( 1)
  70 K   0.43440 0.53195 0.01364 0.02000 ( 2)
  71 N   0.00196 0.90545 0.00087 0.09172 ( 2)
  72 C   0.95323 0.01521 0.03098 0.00059 ( 1)
  73 R   0.07335 0.89265 0.00212 0.03188 ( 2)
  74 N   0.96875 0.00461 0.02647 0.00016 ( 1)
  75 I   0.83130 0.13528 0.02801 0.00541 ( 1)
  76 T   0.76745 0.19637 0.02800 0.00817 ( 1)
  77 G   0.04202 0.91944 0.00165 0.03688 ( 2)
  78 K   0.89144 0.07790 0.02771 0.00295 ( 1)
  79 E   0.53998 0.09141 0.35822 0.01039 ( 1)
  80 C   0.95710 0.01132 0.03113 0.00044 ( 1)
  81 D   0.16138 0.74153 0.04332 0.05378 ( 2)
  82 L   0.26642 0.70145 0.00749 0.02464 ( 2)
  83 T   0.93464 0.03122 0.03286 0.00127 ( 1)
  84 C   0.95323 0.01521 0.03098 0.00059 ( 1)
  85 L   0.01393 0.89132 0.00724 0.08751 ( 2)
  86 F   0.61775 0.34516 0.02270 0.01439 ( 1)
  87 Y   0.17849 0.77937 0.00736 0.03478 ( 2)
  88 T   0.14456 0.82320 0.00393 0.02831 ( 2)
  89 H   0.00202 0.95933 0.00007 0.03858 ( 2)
  90 N   0.18672 0.77765 0.00593 0.02970 ( 2)
  91 Y   0.62206 0.34304 0.02126 0.01364 ( 1)
  92 I   0.00078 0.90357 0.00036 0.09529 ( 2)
  93 V   0.95624 0.01330 0.02995 0.00051 ( 1)
  94 G   0.02690 0.92954 0.00115 0.04241 ( 2)
  95 V   0.90754 0.05483 0.03525 0.00238 ( 1)
  96 R   0.23136 0.72796 0.00912 0.03155 ( 2)
  97 T   0.33485 0.63325 0.00952 0.02238 ( 2)
  98 K   0.02477 0.93819 0.00082 0.03622 ( 2)
  99 F   0.50346 0.24318 0.23225 0.02110 ( 1)
 100 G   0.11429 0.85072 0.00351 0.03148 ( 2)
 101 S   0.79693 0.16715 0.02898 0.00695 ( 1)
 102 S   0.00074 0.95601 0.00003 0.04322 ( 2)
 103 M   0.42504 0.54170 0.01309 0.02017 ( 2)
 104 S   0.93983 0.02963 0.02941 0.00113 ( 1)
 105 K   0.04408 0.91541 0.00187 0.03864 ( 2)
 106 W   0.83476 0.12467 0.03490 0.00567 ( 1)
 107 E   0.55986 0.40879 0.01645 0.01489 ( 1)
 108 E   0.25217 0.70666 0.00995 0.03122 ( 2)
 109 I   0.62299 0.34694 0.01762 0.01245 ( 1)
 110 K   0.02281 0.85985 0.01435 0.10300 ( 2)
 111 D   0.95513 0.01815 0.02608 0.00064 ( 1)
 112 I   0.96352 0.00820 0.02798 0.00030 ( 1)
 113 S   0.00409 0.95838 0.00014 0.03738 ( 2)
 114 Y   0.92180 0.04241 0.03401 0.00178 ( 1)
 115 I   0.11393 0.74516 0.06323 0.07768 ( 2)
 116 F   0.72287 0.24771 0.02055 0.00886 ( 1)
 117 T   0.95625 0.01344 0.02979 0.00051 ( 1)
 118 V   0.89421 0.06810 0.03473 0.00296 ( 1)
 119 D   0.91405 0.05849 0.02538 0.00208 ( 1)
 120 P   0.94940 0.01808 0.03181 0.00072 ( 1)
 121 E   0.74220 0.22514 0.02395 0.00872 ( 1)
 122 A   0.86307 0.10545 0.02745 0.00403 ( 1)
 123 P   0.94920 0.01830 0.03177 0.00072 ( 1)
 124 T   0.17234 0.79477 0.00483 0.02806 ( 2)
 125 L   0.69328 0.26989 0.02553 0.01129 ( 1)
 126 E   0.63431 0.33490 0.01858 0.01221 ( 1)
 127 V   0.95624 0.01330 0.02995 0.00051 ( 1)
 128 K   0.51455 0.45396 0.01502 0.01647 ( 1)
 129 F   0.01198 0.95054 0.00041 0.03707 ( 2)
 130 V   0.78217 0.18374 0.02676 0.00733 ( 1)
 131 D   0.79267 0.17861 0.02231 0.00641 ( 1)
 132 K   0.07471 0.88995 0.00234 0.03300 ( 2)
 133 S   0.00502 0.96113 0.00014 0.03371 ( 2)
 134 M   0.03746 0.92671 0.00116 0.03467 ( 2)
 135 Y   0.07788 0.88710 0.00238 0.03265 ( 2)
 136 I   0.52092 0.44747 0.01531 0.01629 ( 1)
 137 N   0.37996 0.58931 0.01023 0.02050 ( 2)
 138 A   0.00277 0.94523 0.00053 0.05147 ( 2)
 139 A   0.00765 0.95689 0.00024 0.03523 ( 2)
 140 V   0.00071 0.96066 0.00003 0.03860 ( 2)
 141 K   0.01306 0.94936 0.00044 0.03714 ( 2)
 142 T   0.00339 0.95476 0.00017 0.04167 ( 2)
 143 P   0.94812 0.01938 0.03173 0.00077 ( 1)
 144 H   0.00006 0.95383 0.00000 0.04611 ( 2)
 145 C   0.92152 0.04205 0.03465 0.00179 ( 1)
 146 I   0.05854 0.90386 0.00200 0.03560 ( 2)
 147 K   0.00356 0.95961 0.00012 0.03671 ( 2)
 148 D   0.00098 0.96149 0.00003 0.03750 ( 2)
 149 I   0.01649 0.94638 0.00055 0.03658 ( 2)
 150 Y   0.11211 0.85125 0.00371 0.03293 ( 2)
 151 -   0.75966 0.21115 0.02163 0.00757 ( 1)
 152 -   0.00028 0.91066 0.00012 0.08894 ( 2)
 153 -   0.43538 0.52719 0.01560 0.02184 ( 2)
 154 N   0.01383 0.94760 0.00049 0.03809 ( 2)
 155 L   0.70709 0.25498 0.02702 0.01091 ( 1)
 156 K   0.00790 0.95493 0.00027 0.03690 ( 2)
 157 Y   0.88039 0.08850 0.02773 0.00338 ( 1)
 158 N   0.00209 0.92376 0.00063 0.07353 ( 2)
 159 I   0.77002 0.19217 0.02953 0.00828 ( 1)
 160 E   0.02987 0.86773 0.01524 0.08716 ( 2)
 161 N   0.01780 0.94434 0.00057 0.03729 ( 2)
 162 A   0.07563 0.89197 0.00202 0.03038 ( 2)
 163 P   0.01948 0.94369 0.00064 0.03619 ( 2)
 164 K   0.03592 0.93133 0.00096 0.03178 ( 2)
 165 Q   0.56921 0.39467 0.02010 0.01601 ( 1)
 166 I   0.49841 0.46534 0.01741 0.01884 ( 1)
 167 K   0.71639 0.25252 0.02148 0.00960 ( 1)
 168 F   0.52811 0.43918 0.01631 0.01640 ( 1)
 169 K   0.73024 0.23856 0.02224 0.00897 ( 1)
 170 E   0.81044 0.15549 0.02785 0.00623 ( 1)
 171 V   0.54111 0.42720 0.01607 0.01561 ( 1)
 172 K   0.00194 0.82632 0.00253 0.16921 ( 2)
 173 M   0.15789 0.80970 0.00433 0.02808 ( 2)
 174 N   0.00262 0.94867 0.00012 0.04859 ( 2)
 175 S   0.13283 0.83005 0.00451 0.03262 ( 2)
 176 A   0.37535 0.58751 0.01328 0.02386 ( 2)
 177 V   0.03567 0.93071 0.00100 0.03262 ( 2)
 178 I   0.20984 0.75582 0.00641 0.02793 ( 2)
 179 L   0.00320 0.96187 0.00010 0.03483 ( 2)
 180 D   0.83958 0.13108 0.02455 0.00479 ( 1)
 181 T   0.86724 0.09833 0.03042 0.00400 ( 1)
 182 T   0.62755 0.34026 0.01944 0.01275 ( 1)
 183 G   0.93974 0.02686 0.03232 0.00108 ( 1)
 184 L   0.36148 0.60062 0.01314 0.02476 ( 2)
 185 S   0.84066 0.13000 0.02459 0.00476 ( 1)
 186 G   0.93878 0.02781 0.03229 0.00112 ( 1)
 187 N   0.81819 0.15168 0.02452 0.00561 ( 1)
 188 Y   0.94487 0.02410 0.03010 0.00093 ( 1)
 189 C   0.95752 0.01094 0.03112 0.00042 ( 1)
 190 V   0.17675 0.78674 0.00556 0.03096 ( 2)
 191 E   0.86689 0.10328 0.02600 0.00383 ( 1)
 192 A   0.37244 0.59374 0.01158 0.02224 ( 2)
 193 L   0.15905 0.80764 0.00457 0.02873 ( 2)
 194 T   0.94153 0.02808 0.02932 0.00107 ( 1)
 195 V   0.17244 0.78854 0.00611 0.03290 ( 2)
 196 F   0.51442 0.45490 0.01453 0.01615 ( 1)
 197 T   0.53324 0.43577 0.01528 0.01571 ( 1)
 198 M   0.49271 0.47565 0.01439 0.01726 ( 1)
 199 E   0.00437 0.96249 0.00012 0.03303 ( 2)
 200 Q   0.10208 0.86396 0.00297 0.03099 ( 2)
 201 K   0.00277 0.96408 0.00008 0.03307 ( 2)
 202 K   0.96422 0.00719 0.02832 0.00026 ( 1)
 203 I   0.00012 0.93367 0.00003 0.06618 ( 2)
 204 S   0.95038 0.01657 0.03239 0.00066 ( 1)
 205 Q   0.02319 0.93909 0.00079 0.03693 ( 2)
 206 P   0.15160 0.81201 0.00501 0.03138 ( 2)
 207 S   0.92263 0.04176 0.03386 0.00175 ( 1)
 208 K   0.00008 0.87731 0.00004 0.12258 ( 2)
 209 P   0.95336 0.01541 0.03063 0.00059 ( 1)
 210 F   0.35824 0.60923 0.01048 0.02205 ( 2)
 211 C   0.91875 0.04481 0.03454 0.00190 ( 1)
 212 H   0.38451 0.58039 0.01262 0.02247 ( 2)
 213 L   0.31710 0.65202 0.00849 0.02240 ( 2)
 214 F   0.21610 0.60780 0.11354 0.06256 ( 2)
 215 -   0.16395 0.80242 0.00477 0.02886 ( 2)
 216 -   0.18053 0.78575 0.00532 0.02840 ( 2)
 217 K   0.91758 0.05355 0.02690 0.00196 ( 1)
 218 D   0.96855 0.00435 0.02694 0.00015 ( 1)
 219 E   0.17788 0.78833 0.00525 0.02854 ( 2)
 220 E   0.00028 0.90316 0.00013 0.09643 ( 2)
 221 Y   0.03317 0.92990 0.00107 0.03586 ( 2)
 222 N   0.50392 0.46371 0.01518 0.01720 ( 1)
 223 S   0.01925 0.94505 0.00060 0.03511 ( 2)
 224 G   0.03212 0.93194 0.00100 0.03493 ( 2)
 225 H   0.02412 0.94025 0.00075 0.03489 ( 2)
 226 N   0.00636 0.95995 0.00018 0.03351 ( 2)
 227 W   0.00044 0.96084 0.00002 0.03871 ( 2)
 228 S   0.00645 0.95184 0.00026 0.04144 ( 2)
 229 F   0.01952 0.93531 0.00081 0.04436 ( 2)
 230 A   0.01641 0.94652 0.00055 0.03652 ( 2)
 231 V   0.06751 0.89856 0.00190 0.03203 ( 2)
 232 L   0.00268 0.95336 0.00012 0.04384 ( 2)
 233 I   0.12848 0.83385 0.00437 0.03330 ( 2)
 234 L   0.01391 0.94782 0.00048 0.03779 ( 2)
 235 F   0.00613 0.95806 0.00018 0.03563 ( 2)
 236 P   0.00418 0.95903 0.00014 0.03665 ( 2)
 237 I   0.18536 0.77945 0.00577 0.02942 ( 2)
 238 L   0.21764 0.74934 0.00611 0.02691 ( 2)
 239 L   0.00155 0.83715 0.00153 0.15977 ( 2)
 240 I   0.00834 0.93082 0.00167 0.05917 ( 2)
 241 S   0.03241 0.89406 0.01083 0.06271 ( 2)
 242 G   0.00751 0.92611 0.00335 0.06304 ( 2)
 243 I   0.01626 0.94836 0.00049 0.03489 ( 2)
 244 L   0.20430 0.75697 0.00745 0.03129 ( 2)
 245 L   0.55213 0.41306 0.01838 0.01644 ( 1)
 246 Y   0.17869 0.77916 0.00737 0.03478 ( 2)
 247 T   0.00187 0.90293 0.00105 0.09415 ( 2)
 248 S   0.00293 0.92236 0.00079 0.07391 ( 2)
 249 -   0.41549 0.40239 0.15369 0.02844 ( 1)
 250 -   0.51272 0.45420 0.01580 0.01728 ( 1)
 251 -   0.39184 0.40024 0.17378 0.03414 ( 2)
 252 -   0.88726 0.08361 0.02603 0.00310 ( 1)
 253 -   0.35052 0.61212 0.01239 0.02497 ( 2)
 254 -   0.80108 0.16469 0.02761 0.00662 ( 1)
 255 -   0.02293 0.89540 0.00908 0.07260 ( 2)
 256 -   0.85234 0.11609 0.02712 0.00446 ( 1)
 257 -   0.14810 0.81592 0.00449 0.03150 ( 2)
 258 S   0.07075 0.82946 0.03083 0.06896 ( 2)
 259 P   0.48454 0.47668 0.01846 0.02032 ( 1)
 260 D   0.96119 0.01162 0.02677 0.00042 ( 1)
 261 I   0.12298 0.80454 0.02393 0.04854 ( 2)
 262 L   0.54617 0.41734 0.01939 0.01710 ( 1)
 263 A   0.01492 0.91875 0.00437 0.06196 ( 2)
 264 K   0.00726 0.95237 0.00028 0.04009 ( 2)
 265 Q   0.54520 0.42349 0.01582 0.01549 ( 1)
 266 R   0.03081 0.93330 0.00096 0.03493 ( 2)
 267 G   0.03674 0.92141 0.00147 0.04038 ( 2)
 268 Q   0.14335 0.70700 0.07742 0.07223 ( 2)
 269 L   0.30438 0.66265 0.00884 0.02413 ( 2)
 270 L   0.14057 0.76565 0.04435 0.04943 ( 2)
 271 W   0.00076 0.94128 0.00010 0.05786 ( 2)
 272 I   0.07852 0.88563 0.00250 0.03334 ( 2)
 273 F   0.06548 0.87837 0.00296 0.05319 ( 2)
 274 P   0.92824 0.03900 0.03121 0.00155 ( 1)
 275 D   0.00790 0.95643 0.00025 0.03542 ( 2)
 276 -   0.24833 0.71016 0.00998 0.03154 ( 2)
 277 -   0.35208 0.61260 0.01152 0.02380 ( 2)
 278 -   0.03671 0.86506 0.01811 0.08012 ( 2)
 279 -   0.86726 0.10217 0.02666 0.00391 ( 1)
 280 -   0.01535 0.92292 0.00323 0.05850 ( 2)
 281 -   0.15266 0.81301 0.00448 0.02984 ( 2)
 282 -   0.13326 0.83067 0.00428 0.03178 ( 2)
 283 -   0.43598 0.53056 0.01347 0.02000 ( 2)
 284 -   0.86116 0.10784 0.02690 0.00410 ( 1)
 285 -   0.01424 0.94092 0.00064 0.04420 ( 2)
 286 -   0.59148 0.37779 0.01681 0.01392 ( 1)
 287 -   0.00294 0.88273 0.00212 0.11221 ( 2)
 288 -   0.00390 0.95905 0.00013 0.03692 ( 2)
 289 -   0.48329 0.48311 0.01468 0.01892 ( 1)
 290 -   0.01647 0.93816 0.00070 0.04467 ( 2)
 291 -   0.52057 0.44741 0.01548 0.01655 ( 1)
 292 -   0.78866 0.17224 0.03138 0.00771 ( 1)
 293 -   0.09800 0.86586 0.00312 0.03302 ( 2)
 294 -   0.37874 0.58584 0.01239 0.02302 ( 2)
 295 -   0.37334 0.58939 0.01320 0.02407 ( 2)
 296 -   0.81069 0.15461 0.02840 0.00631 ( 1)
 297 -   0.88726 0.08361 0.02603 0.00310 ( 1)
 298 -   0.14678 0.77572 0.03053 0.04697 ( 2)
 299 -   0.31151 0.64562 0.01319 0.02968 ( 2)
 300 -   0.12849 0.83086 0.00458 0.03606 ( 2)
 301 -   0.50098 0.46556 0.01578 0.01768 ( 1)
 302 -   0.62239 0.34832 0.01686 0.01243 ( 1)
 303 -   0.02853 0.93314 0.00095 0.03737 ( 2)
 304 -   0.01967 0.90884 0.00727 0.06422 ( 2)
 305 -   0.20364 0.73299 0.02743 0.03594 ( 2)
 306 -   0.90893 0.06352 0.02526 0.00228 ( 1)
 307 -   0.81169 0.15432 0.02781 0.00618 ( 1)
 308 -   0.37287 0.59025 0.01299 0.02388 ( 2)
 309 -   0.19353 0.76953 0.00617 0.03077 ( 2)
 310 -   0.86983 0.10151 0.02492 0.00374 ( 1)
 311 -   0.75243 0.21110 0.02762 0.00884 ( 1)
 312 -   0.78490 0.17738 0.03005 0.00767 ( 1)
 313 -   0.39364 0.57075 0.01309 0.02252 ( 2)
 314 -   0.02674 0.91731 0.00463 0.05131 ( 2)
 315 -   0.74358 0.21960 0.02759 0.00923 ( 1)
 316 -   0.80343 0.16244 0.02761 0.00652 ( 1)
 317 -   0.75399 0.20923 0.02798 0.00880 ( 1)
 318 -   0.75243 0.21110 0.02762 0.00884 ( 1)
 319 -   0.90370 0.06799 0.02586 0.00245 ( 1)
 320 -   0.77872 0.18599 0.02768 0.00762 ( 1)
 321 -   0.66452 0.29603 0.02644 0.01301 ( 1)
 322 -   0.75896 0.20428 0.02816 0.00860 ( 1)
 323 -   0.87688 0.09368 0.02595 0.00350 ( 1)
 324 -   0.90370 0.06799 0.02586 0.00245 ( 1)
 325 -   0.42506 0.53912 0.01446 0.02136 ( 2)
 326 -   0.12172 0.77413 0.04701 0.05714 ( 2)
 327 -   0.75384 0.20678 0.03018 0.00921 ( 1)
 328 -   0.08994 0.86685 0.00381 0.03940 ( 2)
 329 -   0.08562 0.87215 0.00349 0.03874 ( 2)
 330 -   0.07918 0.88360 0.00264 0.03458 ( 2)
 331 -   0.88298 0.08830 0.02552 0.00320 ( 1)
 332 -   0.85917 0.10931 0.02728 0.00424 ( 1)
 333 -   0.04963 0.91123 0.00179 0.03735 ( 2)
 334 -   0.08636 0.87671 0.00288 0.03405 ( 2)
 335 -   0.14327 0.82356 0.00406 0.02912 ( 2)
 336 -   0.84332 0.12557 0.02633 0.00479 ( 1)
 337 -   0.75203 0.21126 0.02784 0.00887 ( 1)
 338 -   0.13301 0.83100 0.00430 0.03170 ( 2)
 339 -   0.78942 0.17577 0.02764 0.00717 ( 1)
 340 -   0.32118 0.64024 0.01189 0.02669 ( 2)
 341 -   0.82435 0.14254 0.02748 0.00563 ( 1)
 342 -   0.91144 0.06145 0.02490 0.00221 ( 1)
 343 -   0.85979 0.10930 0.02673 0.00418 ( 1)
 344 -   0.77226 0.19221 0.02759 0.00794 ( 1)
 345 -   0.80585 0.16014 0.02760 0.00641 ( 1)
 346 -   0.77226 0.19221 0.02759 0.00794 ( 1)
 347 -   0.84247 0.12539 0.02728 0.00487 ( 1)
 348 -   0.01737 0.94299 0.00068 0.03896 ( 2)
 349 -   0.10275 0.84658 0.00585 0.04482 ( 2)
 350 -   0.06843 0.36921 0.48690 0.07546 ( 3)
 351 -   0.33878 0.62331 0.01234 0.02557 ( 2)
 352 -   0.12535 0.83770 0.00415 0.03280 ( 2)
 353 -   0.09708 0.80048 0.04089 0.06154 ( 2)
 354 -   0.10551 0.85865 0.00336 0.03248 ( 2)
 355 -   0.24897 0.71095 0.00951 0.03057 ( 2)
 356 -   0.37414 0.58906 0.01302 0.02378 ( 2)
 357 -   0.06916 0.81769 0.03622 0.07693 ( 2)
 358 -   0.39841 0.56573 0.01350 0.02236 ( 2)
 359 -   0.90893 0.06352 0.02526 0.00228 ( 1)
 360 -   0.48834 0.47825 0.01535 0.01806 ( 1)
 361 -   0.37601 0.58794 0.01277 0.02328 ( 2)
 362 -   0.14895 0.81811 0.00417 0.02877 ( 2)
 363 -   0.54755 0.42169 0.01551 0.01524 ( 1)
 364 -   0.78820 0.17566 0.02880 0.00734 ( 1)
 365 -   0.77831 0.18550 0.02844 0.00775 ( 1)
 366 -   0.89049 0.08069 0.02583 0.00299 ( 1)
 367 -   0.19490 0.76139 0.00838 0.03533 ( 2)
 368 -   0.12503 0.83629 0.00429 0.03438 ( 2)
 369 -   0.42629 0.54047 0.01303 0.02022 ( 2)
 370 -   0.59184 0.37860 0.01601 0.01356 ( 1)
 371 -   0.29702 0.66486 0.01072 0.02740 ( 2)
 372 -   0.03632 0.92291 0.00142 0.03936 ( 2)
 373 -   0.01377 0.94487 0.00052 0.04084 ( 2)
 374 -   0.86029 0.10909 0.02637 0.00425 ( 1)
 375 -   0.30377 0.65948 0.01044 0.02631 ( 2)
 376 -   0.42120 0.54078 0.01549 0.02254 ( 2)
 377 -   0.32042 0.63994 0.01239 0.02725 ( 2)
 378 -   0.12967 0.83198 0.00465 0.03370 ( 2)
 379 -   0.83869 0.13027 0.02607 0.00498 ( 1)
 380 -   0.73570 0.22570 0.02860 0.01000 ( 1)
 381 -   0.84316 0.12471 0.02730 0.00482 ( 1)
 382 S   0.89588 0.06900 0.03225 0.00287 ( 1)
 383 A   0.83899 0.13299 0.02326 0.00476 ( 1)
 384 G   0.74255 0.22314 0.02539 0.00891 ( 1)
 385 N   0.67230 0.29664 0.02008 0.01098 ( 1)
 386 C   0.80159 0.16391 0.02784 0.00666 ( 1)
 387 V   0.02582 0.94017 0.00074 0.03327 ( 2)
 388 P   0.04878 0.86478 0.02086 0.06558 ( 2)
 389 Q   0.56633 0.38687 0.02797 0.01883 ( 1)
 390 S   0.03405 0.87223 0.01670 0.07702 ( 2)
 391 F   0.93731 0.03003 0.03144 0.00123 ( 1)

