Supplemental results for CODEML (seqf: align.fa  treef: tree.nwk)


MLEs of dN/dS (w) for site classes (K=4)

site class             0        1       2a       2b
proportion       0.45465  0.54535  0.00000  0.00000
background w     0.17931  1.00000  0.17931  1.00000
foreground w     0.17931  1.00000  1.00000  1.00000

Naive Empirical Bayes (NEB) probabilities for 4 classes
(amino acids refer to 1st sequence: xeno|270561947)

   1 M   0.99538 0.00462 0.00000 0.00000 ( 1)
   2 S   0.98073 0.01927 0.00000 0.00000 ( 1)
   3 V   0.07754 0.92246 0.00000 0.00000 ( 2)
   4 W   0.42384 0.57616 0.00000 0.00000 ( 2)
   5 F   0.57028 0.42972 0.00000 0.00000 ( 1)
   6 T   0.00067 0.99933 0.00000 0.00000 ( 2)
   7 W   0.53974 0.46026 0.00000 0.00000 ( 1)
   8 A   0.17414 0.82586 0.00000 0.00000 ( 2)
   9 F   0.58789 0.41211 0.00000 0.00000 ( 1)
  10 L   0.91539 0.08461 0.00000 0.00000 ( 1)
  11 I   0.02664 0.97336 0.00000 0.00000 ( 2)
  12 S   0.12101 0.87899 0.00000 0.00000 ( 2)
  13 Q   0.00119 0.99881 0.00000 0.00000 ( 2)
  14 C   0.41067 0.58933 0.00000 0.00000 ( 2)
  15 F   0.57127 0.42873 0.00000 0.00000 ( 1)
  16 V   0.46236 0.53764 0.00000 0.00000 ( 2)
  17 L   0.01298 0.98702 0.00000 0.00000 ( 2)
  18 Q   0.02536 0.97464 0.00000 0.00000 ( 2)
  19 I   0.68313 0.31687 0.00000 0.00000 ( 1)
  20 A   0.79066 0.20934 0.00000 0.00000 ( 1)
  21 G   0.96934 0.03066 0.00000 0.00000 ( 1)
  22 L   0.07215 0.92785 0.00000 0.00000 ( 2)
  23 L   0.57549 0.42451 0.00000 0.00000 ( 1)
  24 H   0.94982 0.05018 0.00000 0.00000 ( 1)
  25 P   0.67048 0.32952 0.00000 0.00000 ( 1)
  26 P   0.98644 0.01356 0.00000 0.00000 ( 1)
  27 L   0.04226 0.95774 0.00000 0.00000 ( 2)
  28 N   0.99292 0.00708 0.00000 0.00000 ( 1)
  29 V   0.95297 0.04703 0.00000 0.00000 ( 1)
  30 T   0.15223 0.84777 0.00000 0.00000 ( 2)
  31 T   0.25156 0.74844 0.00000 0.00000 ( 2)
  32 I   0.78314 0.21686 0.00000 0.00000 ( 1)
  33 S   0.95470 0.04530 0.00000 0.00000 ( 1)
  34 R   0.68878 0.31122 0.00000 0.00000 ( 1)
  35 N   0.98612 0.01388 0.00000 0.00000 ( 1)
  36 F   0.10777 0.89223 0.00000 0.00000 ( 2)
  37 R   0.96640 0.03360 0.00000 0.00000 ( 1)
  38 L   0.93740 0.06260 0.00000 0.00000 ( 1)
  39 F   0.99199 0.00801 0.00000 0.00000 ( 1)
  40 L   0.95825 0.04175 0.00000 0.00000 ( 1)
  41 T   0.88286 0.11714 0.00000 0.00000 ( 1)
  42 W   0.86898 0.13102 0.00000 0.00000 ( 1)
  43 A   0.65664 0.34336 0.00000 0.00000 ( 1)
  44 P   0.98231 0.01769 0.00000 0.00000 ( 1)
  45 D   0.32768 0.67232 0.00000 0.00000 ( 2)
  46 P   0.24055 0.75945 0.00000 0.00000 ( 2)
  47 R   0.00265 0.99735 0.00000 0.00000 ( 2)
  48 N   0.80435 0.19565 0.00000 0.00000 ( 1)
  49 P   0.55022 0.44978 0.00000 0.00000 ( 1)
  50 P   0.43124 0.56876 0.00000 0.00000 ( 2)
  51 N   0.05076 0.94924 0.00000 0.00000 ( 2)
  52 V   0.98503 0.01497 0.00000 0.00000 ( 1)
  53 S   0.43604 0.56396 0.00000 0.00000 ( 2)
  54 Y   0.98368 0.01632 0.00000 0.00000 ( 1)
  55 Q   0.33095 0.66905 0.00000 0.00000 ( 2)
  56 V   0.97951 0.02049 0.00000 0.00000 ( 1)
  57 A   0.03211 0.96789 0.00000 0.00000 ( 2)
  58 Y   0.96136 0.03864 0.00000 0.00000 ( 1)
  59 Y   0.00317 0.99683 0.00000 0.00000 ( 2)
  60 M   0.17144 0.82856 0.00000 0.00000 ( 2)
  61 F   0.07500 0.92500 0.00000 0.00000 ( 2)
  62 I   0.06375 0.93625 0.00000 0.00000 ( 2)
  63 E   0.11733 0.88267 0.00000 0.00000 ( 2)
  64 K   0.36576 0.63424 0.00000 0.00000 ( 2)
  65 K   0.90966 0.09034 0.00000 0.00000 ( 1)
  66 W   0.86898 0.13102 0.00000 0.00000 ( 1)
  67 N   0.42591 0.57409 0.00000 0.00000 ( 2)
  68 K   0.00024 0.99976 0.00000 0.00000 ( 2)
  69 -   0.74069 0.25931 0.00000 0.00000 ( 1)
  70 K   0.50085 0.49915 0.00000 0.00000 ( 1)
  71 N   0.00228 0.99772 0.00000 0.00000 ( 2)
  72 C   0.98318 0.01682 0.00000 0.00000 ( 1)
  73 R   0.09698 0.90302 0.00000 0.00000 ( 2)
  74 N   0.99463 0.00537 0.00000 0.00000 ( 1)
  75 I   0.86669 0.13331 0.00000 0.00000 ( 1)
  76 T   0.80858 0.19142 0.00000 0.00000 ( 1)
  77 G   0.05436 0.94564 0.00000 0.00000 ( 2)
  78 K   0.92306 0.07694 0.00000 0.00000 ( 1)
  79 E   0.86208 0.13792 0.00000 0.00000 ( 1)
  80 C   0.98737 0.01263 0.00000 0.00000 ( 1)
  81 D   0.21867 0.78133 0.00000 0.00000 ( 2)
  82 L   0.33166 0.66834 0.00000 0.00000 ( 2)
  83 T   0.96569 0.03431 0.00000 0.00000 ( 1)
  84 C   0.98318 0.01682 0.00000 0.00000 ( 1)
  85 L   0.01869 0.98131 0.00000 0.00000 ( 2)
  86 F   0.68156 0.31844 0.00000 0.00000 ( 1)
  87 Y   0.21770 0.78230 0.00000 0.00000 ( 2)
  88 T   0.18397 0.81603 0.00000 0.00000 ( 2)
  89 H   0.00235 0.99765 0.00000 0.00000 ( 2)
  90 N   0.23420 0.76580 0.00000 0.00000 ( 2)
  91 Y   0.67404 0.32596 0.00000 0.00000 ( 1)
  92 I   0.00085 0.99915 0.00000 0.00000 ( 2)
  93 V   0.98503 0.01497 0.00000 0.00000 ( 1)
  94 G   0.03427 0.96573 0.00000 0.00000 ( 2)
  95 V   0.94059 0.05941 0.00000 0.00000 ( 1)
  96 R   0.27771 0.72229 0.00000 0.00000 ( 2)
  97 T   0.39177 0.60823 0.00000 0.00000 ( 2)
  98 K   0.03172 0.96828 0.00000 0.00000 ( 2)
  99 F   0.71036 0.28964 0.00000 0.00000 ( 1)
 100 G   0.14666 0.85334 0.00000 0.00000 ( 2)
 101 S   0.83666 0.16334 0.00000 0.00000 ( 1)
 102 S   0.00073 0.99927 0.00000 0.00000 ( 2)
 103 M   0.49519 0.50481 0.00000 0.00000 ( 2)
 104 S   0.96766 0.03234 0.00000 0.00000 ( 1)
 105 K   0.05431 0.94569 0.00000 0.00000 ( 2)
 106 W   0.86898 0.13102 0.00000 0.00000 ( 1)
 107 E   0.62353 0.37647 0.00000 0.00000 ( 1)
 108 E   0.30495 0.69505 0.00000 0.00000 ( 2)
 109 I   0.67878 0.32122 0.00000 0.00000 ( 1)
 110 K   0.03208 0.96792 0.00000 0.00000 ( 2)
 111 D   0.98124 0.01876 0.00000 0.00000 ( 1)
 112 I   0.99058 0.00942 0.00000 0.00000 ( 1)
 113 S   0.00474 0.99526 0.00000 0.00000 ( 2)
 114 Y   0.95401 0.04599 0.00000 0.00000 ( 1)
 115 I   0.16261 0.83739 0.00000 0.00000 ( 2)
 116 F   0.77291 0.22709 0.00000 0.00000 ( 1)
 117 T   0.98484 0.01516 0.00000 0.00000 ( 1)
 118 V   0.92698 0.07302 0.00000 0.00000 ( 1)
 119 D   0.94141 0.05859 0.00000 0.00000 ( 1)
 120 P   0.97998 0.02002 0.00000 0.00000 ( 1)
 121 E   0.78325 0.21675 0.00000 0.00000 ( 1)
 122 A   0.89710 0.10290 0.00000 0.00000 ( 1)
 123 P   0.97974 0.02026 0.00000 0.00000 ( 1)
 124 T   0.21872 0.78128 0.00000 0.00000 ( 2)
 125 L   0.73694 0.26306 0.00000 0.00000 ( 1)
 126 E   0.69765 0.30235 0.00000 0.00000 ( 1)
 127 V   0.98503 0.01497 0.00000 0.00000 ( 1)
 128 K   0.57949 0.42051 0.00000 0.00000 ( 1)
 129 F   0.01488 0.98512 0.00000 0.00000 ( 2)
 130 V   0.82237 0.17763 0.00000 0.00000 ( 1)
 131 D   0.83733 0.16267 0.00000 0.00000 ( 1)
 132 K   0.09718 0.90282 0.00000 0.00000 ( 2)
 133 S   0.00585 0.99415 0.00000 0.00000 ( 2)
 134 M   0.04855 0.95145 0.00000 0.00000 ( 2)
 135 Y   0.10038 0.89962 0.00000 0.00000 ( 2)
 136 I   0.58491 0.41509 0.00000 0.00000 ( 1)
 137 N   0.45527 0.54473 0.00000 0.00000 ( 2)
 138 A   0.00325 0.99675 0.00000 0.00000 ( 2)
 139 A   0.00917 0.99083 0.00000 0.00000 ( 2)
 140 V   0.00072 0.99928 0.00000 0.00000 ( 2)
 141 K   0.01637 0.98363 0.00000 0.00000 ( 2)
 142 T   0.00399 0.99601 0.00000 0.00000 ( 2)
 143 P   0.97858 0.02142 0.00000 0.00000 ( 1)
 144 H   0.00005 0.99995 0.00000 0.00000 ( 2)
 145 C   0.95463 0.04537 0.00000 0.00000 ( 1)
 146 I   0.07562 0.92438 0.00000 0.00000 ( 2)
 147 K   0.00415 0.99585 0.00000 0.00000 ( 2)
 148 D   0.00104 0.99896 0.00000 0.00000 ( 2)
 149 I   0.02094 0.97906 0.00000 0.00000 ( 2)
 150 Y   0.14398 0.85602 0.00000 0.00000 ( 2)
 151 -   0.79742 0.20258 0.00000 0.00000 ( 1)
 152 -   0.00030 0.99970 0.00000 0.00000 ( 2)
 153 -   0.48305 0.51695 0.00000 0.00000 ( 2)
 154 N   0.01733 0.98267 0.00000 0.00000 ( 2)
 155 L   0.75301 0.24699 0.00000 0.00000 ( 1)
 156 K   0.00973 0.99027 0.00000 0.00000 ( 2)
 157 Y   0.91289 0.08711 0.00000 0.00000 ( 1)
 158 N   0.00234 0.99766 0.00000 0.00000 ( 2)
 159 I   0.81217 0.18783 0.00000 0.00000 ( 1)
 160 E   0.04078 0.95922 0.00000 0.00000 ( 2)
 161 N   0.02265 0.97735 0.00000 0.00000 ( 2)
 162 A   0.10002 0.89998 0.00000 0.00000 ( 2)
 163 P   0.02476 0.97524 0.00000 0.00000 ( 2)
 164 K   0.04637 0.95363 0.00000 0.00000 ( 2)
 165 Q   0.61914 0.38086 0.00000 0.00000 ( 1)
 166 I   0.56268 0.43732 0.00000 0.00000 ( 1)
 167 K   0.76979 0.23021 0.00000 0.00000 ( 1)
 168 F   0.59150 0.40850 0.00000 0.00000 ( 1)
 169 K   0.78320 0.21680 0.00000 0.00000 ( 1)
 170 E   0.84914 0.15086 0.00000 0.00000 ( 1)
 171 V   0.60625 0.39375 0.00000 0.00000 ( 1)
 172 K   0.00261 0.99739 0.00000 0.00000 ( 2)
 173 M   0.20514 0.79486 0.00000 0.00000 ( 2)
 174 N   0.00308 0.99692 0.00000 0.00000 ( 2)
 175 S   0.16884 0.83116 0.00000 0.00000 ( 2)
 176 A   0.43670 0.56330 0.00000 0.00000 ( 2)
 177 V   0.04606 0.95394 0.00000 0.00000 ( 2)
 178 I   0.26399 0.73601 0.00000 0.00000 ( 2)
 179 L   0.00374 0.99626 0.00000 0.00000 ( 2)
 180 D   0.88162 0.11838 0.00000 0.00000 ( 1)
 181 T   0.90168 0.09832 0.00000 0.00000 ( 1)
 182 T   0.68972 0.31028 0.00000 0.00000 ( 1)
 183 G   0.97070 0.02930 0.00000 0.00000 ( 1)
 184 L   0.42368 0.57632 0.00000 0.00000 ( 2)
 185 S   0.88146 0.11854 0.00000 0.00000 ( 1)
 186 G   0.96970 0.03030 0.00000 0.00000 ( 1)
 187 N   0.86323 0.13677 0.00000 0.00000 ( 1)
 188 Y   0.97345 0.02655 0.00000 0.00000 ( 1)
 189 C   0.98780 0.01220 0.00000 0.00000 ( 1)
 190 V   0.22305 0.77695 0.00000 0.00000 ( 2)
 191 E   0.89986 0.10014 0.00000 0.00000 ( 1)
 192 A   0.43091 0.56909 0.00000 0.00000 ( 2)
 193 L   0.20302 0.79698 0.00000 0.00000 ( 2)
 194 T   0.96886 0.03114 0.00000 0.00000 ( 1)
 195 V   0.22021 0.77979 0.00000 0.00000 ( 2)
 196 F   0.57190 0.42810 0.00000 0.00000 ( 1)
 197 T   0.59666 0.40334 0.00000 0.00000 ( 1)
 198 M   0.56133 0.43867 0.00000 0.00000 ( 1)
 199 E   0.00509 0.99491 0.00000 0.00000 ( 2)
 200 Q   0.13406 0.86594 0.00000 0.00000 ( 2)
 201 K   0.00302 0.99698 0.00000 0.00000 ( 2)
 202 K   0.99177 0.00823 0.00000 0.00000 ( 1)
 203 I   0.00010 0.99990 0.00000 0.00000 ( 2)
 204 S   0.98170 0.01830 0.00000 0.00000 ( 1)
 205 Q   0.02964 0.97036 0.00000 0.00000 ( 2)
 206 P   0.19444 0.80556 0.00000 0.00000 ( 2)
 207 S   0.95470 0.04530 0.00000 0.00000 ( 1)
 208 K   0.00006 0.99994 0.00000 0.00000 ( 2)
 209 P   0.98289 0.01711 0.00000 0.00000 ( 1)
 210 F   0.42096 0.57904 0.00000 0.00000 ( 2)
 211 C   0.95174 0.04826 0.00000 0.00000 ( 1)
 212 H   0.44526 0.55474 0.00000 0.00000 ( 2)
 213 L   0.39012 0.60988 0.00000 0.00000 ( 2)
 214 F   0.31498 0.68502 0.00000 0.00000 ( 2)
 215 -   0.19913 0.80087 0.00000 0.00000 ( 2)
 216 -   0.21918 0.78082 0.00000 0.00000 ( 2)
 217 K   0.94640 0.05360 0.00000 0.00000 ( 1)
 218 D   0.99496 0.00504 0.00000 0.00000 ( 1)
 219 E   0.22464 0.77536 0.00000 0.00000 ( 2)
 220 E   0.00027 0.99973 0.00000 0.00000 ( 2)
 221 Y   0.04291 0.95709 0.00000 0.00000 ( 2)
 222 N   0.56867 0.43133 0.00000 0.00000 ( 1)
 223 S   0.02435 0.97565 0.00000 0.00000 ( 2)
 224 G   0.04142 0.95858 0.00000 0.00000 ( 2)
 225 H   0.03013 0.96987 0.00000 0.00000 ( 2)
 226 N   0.00757 0.99243 0.00000 0.00000 ( 2)
 227 W   0.00042 0.99958 0.00000 0.00000 ( 2)
 228 S   0.00795 0.99205 0.00000 0.00000 ( 2)
 229 F   0.02502 0.97498 0.00000 0.00000 ( 2)
 230 A   0.02074 0.97926 0.00000 0.00000 ( 2)
 231 V   0.08881 0.91119 0.00000 0.00000 ( 2)
 232 L   0.00310 0.99690 0.00000 0.00000 ( 2)
 233 I   0.16218 0.83782 0.00000 0.00000 ( 2)
 234 L   0.01741 0.98259 0.00000 0.00000 ( 2)
 235 F   0.00733 0.99267 0.00000 0.00000 ( 2)
 236 P   0.00489 0.99511 0.00000 0.00000 ( 2)
 237 I   0.22831 0.77169 0.00000 0.00000 ( 2)
 238 L   0.27325 0.72675 0.00000 0.00000 ( 2)
 239 L   0.00200 0.99800 0.00000 0.00000 ( 2)
 240 I   0.01051 0.98949 0.00000 0.00000 ( 2)
 241 S   0.04375 0.95625 0.00000 0.00000 ( 2)
 242 G   0.00955 0.99045 0.00000 0.00000 ( 2)
 243 I   0.02055 0.97945 0.00000 0.00000 ( 2)
 244 L   0.24543 0.75457 0.00000 0.00000 ( 2)
 245 L   0.59742 0.40258 0.00000 0.00000 ( 1)
 246 Y   0.21799 0.78201 0.00000 0.00000 ( 2)
 247 T   0.00224 0.99776 0.00000 0.00000 ( 2)
 248 S   0.00357 0.99643 0.00000 0.00000 ( 2)
 249 -   0.53505 0.46495 0.00000 0.00000 ( 1)
 250 -   0.55768 0.44232 0.00000 0.00000 ( 1)
 251 -   0.52199 0.47801 0.00000 0.00000 ( 1)
 252 -   0.91178 0.08822 0.00000 0.00000 ( 1)
 253 -   0.39255 0.60745 0.00000 0.00000 ( 2)
 254 -   0.82900 0.17100 0.00000 0.00000 ( 1)
 255 -   0.03044 0.96956 0.00000 0.00000 ( 2)
 256 -   0.87869 0.12131 0.00000 0.00000 ( 1)
 257 -   0.18048 0.81952 0.00000 0.00000 ( 2)
 258 S   0.09749 0.90251 0.00000 0.00000 ( 2)
 259 P   0.53166 0.46834 0.00000 0.00000 ( 1)
 260 D   0.98687 0.01313 0.00000 0.00000 ( 1)
 261 I   0.16348 0.83652 0.00000 0.00000 ( 2)
 262 L   0.59315 0.40685 0.00000 0.00000 ( 1)
 263 A   0.01941 0.98059 0.00000 0.00000 ( 2)
 264 K   0.00892 0.99108 0.00000 0.00000 ( 2)
 265 Q   0.60778 0.39222 0.00000 0.00000 ( 1)
 266 R   0.03961 0.96039 0.00000 0.00000 ( 2)
 267 G   0.04695 0.95305 0.00000 0.00000 ( 2)
 268 Q   0.19826 0.80174 0.00000 0.00000 ( 2)
 269 L   0.35821 0.64179 0.00000 0.00000 ( 2)
 270 L   0.19158 0.80842 0.00000 0.00000 ( 2)
 271 W   0.00083 0.99917 0.00000 0.00000 ( 2)
 272 I   0.10073 0.89927 0.00000 0.00000 ( 2)
 273 F   0.08466 0.91534 0.00000 0.00000 ( 2)
 274 P   0.95760 0.04240 0.00000 0.00000 ( 1)
 275 D   0.00967 0.99033 0.00000 0.00000 ( 2)
 276 -   0.28342 0.71658 0.00000 0.00000 ( 2)
 277 -   0.39353 0.60647 0.00000 0.00000 ( 2)
 278 -   0.04841 0.95159 0.00000 0.00000 ( 2)
 279 -   0.89272 0.10728 0.00000 0.00000 ( 1)
 280 -   0.01976 0.98024 0.00000 0.00000 ( 2)
 281 -   0.18586 0.81414 0.00000 0.00000 ( 2)
 282 -   0.16300 0.83700 0.00000 0.00000 ( 2)
 283 -   0.48023 0.51977 0.00000 0.00000 ( 2)
 284 -   0.88711 0.11289 0.00000 0.00000 ( 1)
 285 -   0.01796 0.98204 0.00000 0.00000 ( 2)
 286 -   0.63440 0.36560 0.00000 0.00000 ( 1)
 287 -   0.00382 0.99618 0.00000 0.00000 ( 2)
 288 -   0.00468 0.99532 0.00000 0.00000 ( 2)
 289 -   0.52694 0.47306 0.00000 0.00000 ( 1)
 290 -   0.02084 0.97916 0.00000 0.00000 ( 2)
 291 -   0.56506 0.43494 0.00000 0.00000 ( 1)
 292 -   0.82044 0.17956 0.00000 0.00000 ( 1)
 293 -   0.12034 0.87966 0.00000 0.00000 ( 2)
 294 -   0.42125 0.57875 0.00000 0.00000 ( 2)
 295 -   0.41653 0.58347 0.00000 0.00000 ( 2)
 296 -   0.83885 0.16115 0.00000 0.00000 ( 1)
 297 -   0.91178 0.08822 0.00000 0.00000 ( 1)
 298 -   0.18708 0.81292 0.00000 0.00000 ( 2)
 299 -   0.35259 0.64741 0.00000 0.00000 ( 2)
 300 -   0.15757 0.84243 0.00000 0.00000 ( 2)
 301 -   0.54668 0.45332 0.00000 0.00000 ( 1)
 302 -   0.66386 0.33614 0.00000 0.00000 ( 1)
 303 -   0.03618 0.96382 0.00000 0.00000 ( 2)
 304 -   0.02574 0.97426 0.00000 0.00000 ( 2)
 305 -   0.25273 0.74727 0.00000 0.00000 ( 2)
 306 -   0.93259 0.06741 0.00000 0.00000 ( 1)
 307 -   0.83954 0.16046 0.00000 0.00000 ( 1)
 308 -   0.41607 0.58393 0.00000 0.00000 ( 2)
 309 -   0.23417 0.76583 0.00000 0.00000 ( 2)
 310 -   0.89322 0.10678 0.00000 0.00000 ( 1)
 311 -   0.78153 0.21847 0.00000 0.00000 ( 1)
 312 -   0.81539 0.18461 0.00000 0.00000 ( 1)
 313 -   0.43640 0.56360 0.00000 0.00000 ( 2)
 314 -   0.03456 0.96544 0.00000 0.00000 ( 2)
 315 -   0.77302 0.22698 0.00000 0.00000 ( 1)
 316 -   0.83134 0.16866 0.00000 0.00000 ( 1)
 317 -   0.78345 0.21655 0.00000 0.00000 ( 1)
 318 -   0.78153 0.21847 0.00000 0.00000 ( 1)
 319 -   0.92822 0.07178 0.00000 0.00000 ( 1)
 320 -   0.80729 0.19271 0.00000 0.00000 ( 1)
 321 -   0.69492 0.30508 0.00000 0.00000 ( 1)
 322 -   0.78843 0.21157 0.00000 0.00000 ( 1)
 323 -   0.90141 0.09859 0.00000 0.00000 ( 1)
 324 -   0.92822 0.07178 0.00000 0.00000 ( 1)
 325 -   0.47024 0.52976 0.00000 0.00000 ( 2)
 326 -   0.16014 0.83986 0.00000 0.00000 ( 2)
 327 -   0.78506 0.21494 0.00000 0.00000 ( 1)
 328 -   0.11131 0.88869 0.00000 0.00000 ( 2)
 329 -   0.10588 0.89412 0.00000 0.00000 ( 2)
 330 -   0.09750 0.90250 0.00000 0.00000 ( 2)
 331 -   0.90728 0.09272 0.00000 0.00000 ( 1)
 332 -   0.88537 0.11463 0.00000 0.00000 ( 1)
 333 -   0.06139 0.93861 0.00000 0.00000 ( 2)
 334 -   0.10632 0.89368 0.00000 0.00000 ( 2)
 335 -   0.17444 0.82556 0.00000 0.00000 ( 2)
 336 -   0.86898 0.13102 0.00000 0.00000 ( 1)
 337 -   0.78148 0.21852 0.00000 0.00000 ( 1)
 338 -   0.16261 0.83739 0.00000 0.00000 ( 2)
 339 -   0.81750 0.18250 0.00000 0.00000 ( 1)
 340 -   0.36215 0.63785 0.00000 0.00000 ( 2)
 341 -   0.85163 0.14837 0.00000 0.00000 ( 1)
 342 -   0.93459 0.06541 0.00000 0.00000 ( 1)
 343 -   0.88536 0.11464 0.00000 0.00000 ( 1)
 344 -   0.80072 0.19928 0.00000 0.00000 ( 1)
 345 -   0.83370 0.16630 0.00000 0.00000 ( 1)
 346 -   0.80072 0.19928 0.00000 0.00000 ( 1)
 347 -   0.86912 0.13088 0.00000 0.00000 ( 1)
 348 -   0.02161 0.97839 0.00000 0.00000 ( 2)
 349 -   0.12800 0.87200 0.00000 0.00000 ( 2)
 350 -   0.18299 0.81701 0.00000 0.00000 ( 2)
 351 -   0.38080 0.61920 0.00000 0.00000 ( 2)
 352 -   0.15046 0.84954 0.00000 0.00000 ( 2)
 353 -   0.12748 0.87252 0.00000 0.00000 ( 2)
 354 -   0.12901 0.87099 0.00000 0.00000 ( 2)
 355 -   0.28259 0.71741 0.00000 0.00000 ( 2)
 356 -   0.41727 0.58273 0.00000 0.00000 ( 2)
 357 -   0.09271 0.90729 0.00000 0.00000 ( 2)
 358 -   0.44253 0.55747 0.00000 0.00000 ( 2)
 359 -   0.93259 0.06741 0.00000 0.00000 ( 1)
 360 -   0.53390 0.46610 0.00000 0.00000 ( 1)
 361 -   0.41914 0.58086 0.00000 0.00000 ( 2)
 362 -   0.18110 0.81890 0.00000 0.00000 ( 2)
 363 -   0.59129 0.40871 0.00000 0.00000 ( 1)
 364 -   0.81734 0.18266 0.00000 0.00000 ( 1)
 365 -   0.80745 0.19255 0.00000 0.00000 ( 1)
 366 -   0.91467 0.08533 0.00000 0.00000 ( 1)
 367 -   0.22506 0.77494 0.00000 0.00000 ( 2)
 368 -   0.15347 0.84653 0.00000 0.00000 ( 2)
 369 -   0.46971 0.53029 0.00000 0.00000 ( 2)
 370 -   0.63378 0.36622 0.00000 0.00000 ( 1)
 371 -   0.33615 0.66385 0.00000 0.00000 ( 2)
 372 -   0.04539 0.95461 0.00000 0.00000 ( 2)
 373 -   0.01729 0.98271 0.00000 0.00000 ( 2)
 374 -   0.88570 0.11430 0.00000 0.00000 ( 1)
 375 -   0.34207 0.65793 0.00000 0.00000 ( 2)
 376 -   0.46705 0.53295 0.00000 0.00000 ( 2)
 377 -   0.36094 0.63906 0.00000 0.00000 ( 2)
 378 -   0.15870 0.84130 0.00000 0.00000 ( 2)
 379 -   0.86406 0.13594 0.00000 0.00000 ( 1)
 380 -   0.76578 0.23422 0.00000 0.00000 ( 1)
 381 -   0.86995 0.13005 0.00000 0.00000 ( 1)
 382 S   0.92595 0.07405 0.00000 0.00000 ( 1)
 383 A   0.87094 0.12906 0.00000 0.00000 ( 1)
 384 G   0.78426 0.21574 0.00000 0.00000 ( 1)
 385 N   0.73018 0.26982 0.00000 0.00000 ( 1)
 386 C   0.84086 0.15914 0.00000 0.00000 ( 1)
 387 V   0.03295 0.96705 0.00000 0.00000 ( 2)
 388 P   0.06584 0.93416 0.00000 0.00000 ( 2)
 389 Q   0.62019 0.37981 0.00000 0.00000 ( 1)
 390 S   0.04611 0.95389 0.00000 0.00000 ( 2)
 391 F   0.96669 0.03331 0.00000 0.00000 ( 1)


lnL = -5821.631121

Bayes Empirical Bayes (BEB) probabilities for 4 classes (class)
(amino acids refer to 1st sequence: xeno|270561947)

   1 M   0.99049 0.00417 0.00531 0.00003 ( 1)
   2 S   0.97486 0.01750 0.00744 0.00020 ( 1)
   3 V   0.07656 0.90786 0.00109 0.01449 ( 2)
   4 W   0.39947 0.59043 0.00321 0.00689 ( 2)
   5 F   0.55355 0.43432 0.00604 0.00609 ( 1)
   6 T   0.00112 0.97910 0.00003 0.01975 ( 2)
   7 W   0.52255 0.46008 0.00863 0.00874 ( 1)
   8 A   0.16034 0.80814 0.01001 0.02152 ( 2)
   9 F   0.55975 0.42935 0.00536 0.00554 ( 1)
  10 L   0.90795 0.07868 0.01207 0.00130 ( 1)
  11 I   0.01284 0.47817 0.23570 0.27329 ( 2)
  12 S   0.11636 0.87035 0.00120 0.01209 ( 2)
  13 Q   0.00189 0.98186 0.00003 0.01623 ( 2)
  14 C   0.38573 0.60136 0.00433 0.00858 ( 2)
  15 F   0.53461 0.45872 0.00282 0.00385 ( 1)
  16 V   0.43519 0.54988 0.00574 0.00919 ( 2)
  17 L   0.01515 0.97144 0.00016 0.01325 ( 2)
  18 Q   0.02752 0.94390 0.00133 0.02725 ( 2)
  19 I   0.65738 0.33183 0.00589 0.00490 ( 1)
  20 A   0.74675 0.20112 0.04627 0.00587 ( 1)
  21 G   0.96322 0.02818 0.00828 0.00032 ( 1)
  22 L   0.07161 0.91456 0.00086 0.01297 ( 2)
  23 L   0.56161 0.42633 0.00604 0.00602 ( 1)
  24 H   0.94440 0.04916 0.00594 0.00050 ( 1)
  25 P   0.64365 0.34828 0.00442 0.00365 ( 1)
  26 P   0.97849 0.01229 0.00906 0.00016 ( 1)
  27 L   0.03706 0.82124 0.02502 0.11667 ( 2)
  28 N   0.98571 0.00632 0.00789 0.00008 ( 1)
  29 V   0.94399 0.04301 0.01232 0.00068 ( 1)
  30 T   0.14097 0.82545 0.00662 0.02696 ( 2)
  31 T   0.23256 0.75548 0.00167 0.01028 ( 2)
  32 I   0.76182 0.23061 0.00518 0.00239 ( 1)
  33 S   0.94719 0.04174 0.01049 0.00059 ( 1)
  34 R   0.67342 0.31275 0.00854 0.00529 ( 1)
  35 N   0.97976 0.01250 0.00760 0.00014 ( 1)
  36 F   0.08501 0.73186 0.06291 0.12023 ( 2)
  37 R   0.96147 0.03290 0.00535 0.00028 ( 1)
  38 L   0.93104 0.05808 0.01008 0.00080 ( 1)
  39 F   0.98637 0.00722 0.00633 0.00007 ( 1)
  40 L   0.95071 0.03848 0.01028 0.00053 ( 1)
  41 T   0.87440 0.11530 0.00859 0.00172 ( 1)
  42 W   0.86059 0.12318 0.01393 0.00230 ( 1)
  43 A   0.62935 0.36247 0.00444 0.00374 ( 1)
  44 P   0.97468 0.01610 0.00902 0.00021 ( 1)
  45 D   0.29118 0.66693 0.02499 0.01690 ( 2)
  46 P   0.22612 0.75170 0.00414 0.01803 ( 2)
  47 R   0.00407 0.98414 0.00003 0.01176 ( 2)
  48 N   0.78829 0.20418 0.00506 0.00247 ( 1)
  49 P   0.52394 0.46715 0.00382 0.00509 ( 1)
  50 P   0.40139 0.58215 0.00749 0.00896 ( 2)
  51 N   0.04960 0.88126 0.01228 0.05686 ( 2)
  52 V   0.97861 0.01353 0.00770 0.00016 ( 1)
  53 S   0.41085 0.57641 0.00421 0.00853 ( 2)
  54 Y   0.97729 0.01480 0.00774 0.00017 ( 1)
  55 Q   0.30327 0.68689 0.00206 0.00778 ( 2)
  56 V   0.97166 0.01859 0.00948 0.00027 ( 1)
  57 A   0.03137 0.88694 0.01129 0.07040 ( 2)
  58 Y   0.95328 0.03549 0.01072 0.00051 ( 1)
  59 Y   0.00436 0.97755 0.00008 0.01801 ( 2)
  60 M   0.15902 0.82566 0.00229 0.01303 ( 2)
  61 F   0.07366 0.90863 0.00074 0.01697 ( 2)
  62 I   0.06444 0.91830 0.00098 0.01628 ( 2)
  63 E   0.11304 0.87696 0.00071 0.00929 ( 2)
  64 K   0.33422 0.65536 0.00278 0.00765 ( 2)
  65 K   0.89813 0.08916 0.01125 0.00146 ( 1)
  66 W   0.86059 0.12318 0.01393 0.00230 ( 1)
  67 N   0.39914 0.58526 0.00481 0.01079 ( 2)
  68 K   0.00043 0.97793 0.00001 0.02162 ( 2)
  69 -   0.72892 0.26153 0.00614 0.00340 ( 1)
  70 K   0.47300 0.51821 0.00342 0.00537 ( 2)
  71 N   0.00339 0.98327 0.00003 0.01331 ( 2)
  72 C   0.97738 0.01536 0.00711 0.00016 ( 1)
  73 R   0.09190 0.86443 0.01231 0.03135 ( 2)
  74 N   0.98900 0.00480 0.00615 0.00005 ( 1)
  75 I   0.85764 0.13181 0.00872 0.00183 ( 1)
  76 T   0.79727 0.19127 0.00876 0.00269 ( 1)
  77 G   0.05557 0.92573 0.00107 0.01763 ( 2)
  78 K   0.91586 0.07587 0.00736 0.00091 ( 1)
  79 E   0.85309 0.13691 0.00826 0.00173 ( 1)
  80 C   0.98125 0.01149 0.00715 0.00012 ( 1)
  81 D   0.19848 0.76731 0.01679 0.01743 ( 2)
  82 L   0.30074 0.67917 0.00779 0.01229 ( 2)
  83 T   0.95833 0.03137 0.00987 0.00043 ( 1)
  84 C   0.97738 0.01536 0.00711 0.00016 ( 1)
  85 L   0.02101 0.96012 0.00037 0.01850 ( 2)
  86 F   0.65384 0.33358 0.00736 0.00521 ( 1)
  87 Y   0.20561 0.77677 0.00329 0.01433 ( 2)
  88 T   0.17185 0.81274 0.00178 0.01363 ( 2)
  89 H   0.00306 0.97369 0.00005 0.02320 ( 2)
  90 N   0.21771 0.77135 0.00174 0.00920 ( 2)
  91 Y   0.65648 0.33342 0.00593 0.00416 ( 1)
  92 I   0.00137 0.96514 0.00006 0.03342 ( 2)
  93 V   0.97861 0.01353 0.00770 0.00016 ( 1)
  94 G   0.03489 0.93082 0.00196 0.03233 ( 2)
  95 V   0.93223 0.05475 0.01215 0.00087 ( 1)
  96 R   0.26102 0.72065 0.00431 0.01402 ( 2)
  97 T   0.31779 0.53398 0.11266 0.03557 ( 2)
  98 K   0.03404 0.94709 0.00036 0.01851 ( 2)
  99 F   0.68630 0.30508 0.00518 0.00344 ( 1)
 100 G   0.13220 0.80771 0.02471 0.03538 ( 2)
 101 S   0.82611 0.16284 0.00871 0.00234 ( 1)
 102 S   0.00126 0.98342 0.00001 0.01530 ( 2)
 103 M   0.46433 0.52647 0.00345 0.00575 ( 2)
 104 S   0.95862 0.02958 0.01132 0.00048 ( 1)
 105 K   0.05188 0.89193 0.00920 0.04699 ( 2)
 106 W   0.86059 0.12318 0.01393 0.00230 ( 1)
 107 E   0.59590 0.39484 0.00427 0.00498 ( 1)
 108 E   0.28539 0.69879 0.00562 0.01020 ( 2)
 109 I   0.64963 0.33164 0.01231 0.00641 ( 1)
 110 K   0.03429 0.94211 0.00073 0.02287 ( 2)
 111 D   0.97581 0.01793 0.00607 0.00019 ( 1)
 112 I   0.98444 0.00844 0.00702 0.00010 ( 1)
 113 S   0.00617 0.94544 0.00125 0.04715 ( 2)
 114 Y   0.94630 0.04238 0.01071 0.00061 ( 1)
 115 I   0.15286 0.82907 0.00207 0.01600 ( 2)
 116 F   0.75427 0.23847 0.00472 0.00254 ( 1)
 117 T   0.97825 0.01369 0.00790 0.00016 ( 1)
 118 V   0.91919 0.06775 0.01199 0.00108 ( 1)
 119 D   0.93306 0.05697 0.00911 0.00085 ( 1)
 120 P   0.97324 0.01825 0.00829 0.00021 ( 1)
 121 E   0.74755 0.21161 0.03440 0.00644 ( 1)
 122 A   0.88987 0.10255 0.00651 0.00107 ( 1)
 123 P   0.97299 0.01847 0.00832 0.00022 ( 1)
 124 T   0.18848 0.73136 0.03993 0.04023 ( 2)
 125 L   0.72426 0.26327 0.00855 0.00392 ( 1)
 126 E   0.66979 0.32168 0.00486 0.00367 ( 1)
 127 V   0.97861 0.01353 0.00770 0.00016 ( 1)
 128 K   0.55131 0.43948 0.00399 0.00522 ( 1)
 129 F   0.01730 0.96953 0.00015 0.01301 ( 2)
 130 V   0.81234 0.17867 0.00694 0.00205 ( 1)
 131 D   0.82185 0.17146 0.00491 0.00178 ( 1)
 132 K   0.09547 0.89272 0.00082 0.01099 ( 2)
 133 S   0.00758 0.95659 0.00101 0.03481 ( 2)
 134 M   0.05086 0.93626 0.00044 0.01244 ( 2)
 135 Y   0.09798 0.88888 0.00085 0.01229 ( 2)
 136 I   0.53852 0.41801 0.03670 0.00677 ( 1)
 137 N   0.39221 0.53422 0.05346 0.02011 ( 2)
 138 A   0.00431 0.96082 0.00052 0.03434 ( 2)
 139 A   0.01135 0.95242 0.00120 0.03503 ( 2)
 140 V   0.00120 0.97928 0.00002 0.01949 ( 2)
 141 K   0.01813 0.94734 0.00058 0.03395 ( 2)
 142 T   0.00467 0.89204 0.00157 0.10171 ( 2)
 143 P   0.97191 0.01955 0.00831 0.00023 ( 1)
 144 H   0.00010 0.91629 0.00005 0.08356 ( 2)
 145 C   0.94686 0.04195 0.01060 0.00059 ( 1)
 146 I   0.07019 0.85816 0.01894 0.05270 ( 2)
 147 K   0.00545 0.96880 0.00014 0.02561 ( 2)
 148 D   0.00155 0.95147 0.00012 0.04687 ( 2)
 149 I   0.02013 0.85930 0.00781 0.11276 ( 2)
 150 Y   0.13687 0.85021 0.00128 0.01164 ( 2)
 151 -   0.78820 0.20467 0.00496 0.00216 ( 1)
 152 -   0.00049 0.95963 0.00003 0.03985 ( 2)
 153 -   0.46872 0.51897 0.00493 0.00738 ( 2)
 154 N   0.01968 0.96263 0.00024 0.01745 ( 2)
 155 L   0.73899 0.24834 0.00897 0.00371 ( 1)
 156 K   0.00920 0.80038 0.01813 0.17229 ( 2)
 157 Y   0.90580 0.08618 0.00703 0.00099 ( 1)
 158 N   0.00351 0.96253 0.00025 0.03372 ( 2)
 159 I   0.79965 0.18722 0.01017 0.00297 ( 1)
 160 E   0.04181 0.94212 0.00053 0.01554 ( 2)
 161 N   0.02394 0.93912 0.00139 0.03555 ( 2)
 162 A   0.09818 0.89042 0.00062 0.01078 ( 2)
 163 P   0.02698 0.95520 0.00026 0.01755 ( 2)
 164 K   0.04780 0.91555 0.00671 0.02994 ( 2)
 165 Q   0.60356 0.38563 0.00585 0.00496 ( 1)
 166 I   0.53525 0.45258 0.00577 0.00641 ( 1)
 167 K   0.74890 0.24285 0.00535 0.00289 ( 1)
 168 F   0.56468 0.42575 0.00412 0.00545 ( 1)
 169 K   0.76298 0.22937 0.00522 0.00243 ( 1)
 170 E   0.83960 0.15120 0.00741 0.00179 ( 1)
 171 V   0.57840 0.41331 0.00389 0.00440 ( 1)
 172 K   0.00330 0.93100 0.00070 0.06499 ( 2)
 173 M   0.19024 0.79925 0.00127 0.00925 ( 2)
 174 N   0.00371 0.89629 0.00163 0.09837 ( 2)
 175 S   0.15145 0.79200 0.02802 0.02853 ( 2)
 176 A   0.41160 0.57561 0.00446 0.00833 ( 2)
 177 V   0.04785 0.93439 0.00058 0.01719 ( 2)
 178 I   0.24349 0.74488 0.00194 0.00969 ( 2)
 179 L   0.00482 0.97460 0.00012 0.02047 ( 2)
 180 D   0.86730 0.12548 0.00588 0.00134 ( 1)
 181 T   0.89417 0.09631 0.00819 0.00133 ( 1)
 182 T   0.66385 0.32808 0.00468 0.00338 ( 1)
 183 G   0.96448 0.02694 0.00827 0.00031 ( 1)
 184 L   0.39830 0.58888 0.00444 0.00838 ( 2)
 185 S   0.77313 0.11064 0.11223 0.00399 ( 1)
 186 G   0.96354 0.02788 0.00826 0.00032 ( 1)
 187 N   0.84748 0.14529 0.00574 0.00150 ( 1)
 188 Y   0.96590 0.02421 0.00957 0.00032 ( 1)
 189 C   0.98165 0.01110 0.00714 0.00011 ( 1)
 190 V   0.20275 0.76387 0.01009 0.02330 ( 2)
 191 E   0.89247 0.10018 0.00627 0.00107 ( 1)
 192 A   0.39943 0.56981 0.01120 0.01955 ( 2)
 193 L   0.18944 0.79992 0.00131 0.00933 ( 2)
 194 T   0.96356 0.02834 0.00775 0.00035 ( 1)
 195 V   0.20416 0.78246 0.00193 0.01145 ( 2)
 196 F   0.54729 0.44091 0.00407 0.00773 ( 1)
 197 T   0.52638 0.38874 0.07416 0.01072 ( 1)
 198 M   0.53042 0.46007 0.00398 0.00552 ( 1)
 199 E   0.00629 0.91677 0.00146 0.07549 ( 2)
 200 Q   0.11918 0.80545 0.02906 0.04631 ( 2)
 201 K   0.00429 0.93990 0.00210 0.05370 ( 2)
 202 K   0.98582 0.00739 0.00671 0.00008 ( 1)
 203 I   0.00010 0.47903 0.00536 0.51551 ( 4)
 204 S   0.97509 0.01672 0.00801 0.00018 ( 1)
 205 Q   0.03215 0.95470 0.00032 0.01282 ( 2)
 206 P   0.18185 0.80747 0.00149 0.00919 ( 2)
 207 S   0.94719 0.04174 0.01049 0.00059 ( 1)
 208 K   0.00015 0.92641 0.00004 0.07340 ( 2)
 209 P   0.97625 0.01558 0.00799 0.00018 ( 1)
 210 F   0.39002 0.58794 0.01064 0.01139 ( 2)
 211 C   0.94412 0.04468 0.01057 0.00062 ( 1)
 212 H   0.36977 0.49872 0.10268 0.02883 ( 2)
 213 L   0.35630 0.63343 0.00250 0.00777 ( 2)
 214 F   0.28958 0.69943 0.00210 0.00888 ( 2)
 215 -   0.18940 0.79760 0.00170 0.01130 ( 2)
 216 -   0.19317 0.72631 0.04571 0.03480 ( 2)
 217 K   0.94064 0.05235 0.00642 0.00059 ( 1)
 218 D   0.98954 0.00451 0.00590 0.00004 ( 1)
 219 E   0.20582 0.76910 0.00518 0.01990 ( 2)
 220 E   0.00038 0.72650 0.00230 0.27082 ( 2)
 221 Y   0.04478 0.93953 0.00039 0.01530 ( 2)
 222 N   0.53947 0.44835 0.00559 0.00659 ( 1)
 223 S   0.02426 0.88397 0.01239 0.07937 ( 2)
 224 G   0.04392 0.94324 0.00038 0.01246 ( 2)
 225 H   0.02314 0.72843 0.16056 0.08788 ( 2)
 226 N   0.00940 0.94923 0.00180 0.03957 ( 2)
 227 W   0.00074 0.96128 0.00007 0.03791 ( 2)
 228 S   0.00939 0.97354 0.00014 0.01693 ( 2)
 229 F   0.02738 0.95703 0.00033 0.01526 ( 2)
 230 A   0.02263 0.94939 0.00217 0.02580 ( 2)
 231 V   0.08712 0.89838 0.00074 0.01376 ( 2)
 232 L   0.00420 0.96933 0.00009 0.02638 ( 2)
 233 I   0.13216 0.72606 0.05291 0.08888 ( 2)
 234 L   0.01949 0.94456 0.00208 0.03387 ( 2)
 235 F   0.00919 0.96126 0.00049 0.02906 ( 2)
 236 P   0.00614 0.93107 0.00233 0.06047 ( 2)
 237 I   0.21204 0.76468 0.00717 0.01610 ( 2)
 238 L   0.25157 0.73657 0.00186 0.00999 ( 2)
 239 L   0.00280 0.97764 0.00004 0.01952 ( 2)
 240 I   0.00843 0.68779 0.07080 0.23297 ( 2)
 241 S   0.04611 0.93754 0.00060 0.01575 ( 2)
 242 G   0.01045 0.91454 0.00885 0.06615 ( 2)
 243 I   0.02174 0.92849 0.00480 0.04497 ( 2)
 244 L   0.23181 0.75126 0.00275 0.01418 ( 2)
 245 L   0.57659 0.39902 0.01515 0.00924 ( 1)
 246 Y   0.20586 0.77651 0.00329 0.01433 ( 2)
 247 T   0.00313 0.97197 0.00007 0.02483 ( 2)
 248 S   0.00463 0.96837 0.00010 0.02690 ( 2)
 249 -   0.52049 0.46532 0.00639 0.00780 ( 1)
 250 -   0.54234 0.44283 0.00685 0.00799 ( 1)
 251 -   0.50798 0.47854 0.00557 0.00792 ( 1)
 252 -   0.91002 0.08274 0.00625 0.00099 ( 1)
 253 -   0.37994 0.60407 0.00519 0.01080 ( 2)
 254 -   0.82791 0.16271 0.00740 0.00199 ( 1)
 255 -   0.03145 0.94126 0.00141 0.02588 ( 2)
 256 -   0.87758 0.11474 0.00643 0.00124 ( 1)
 257 -   0.17099 0.80863 0.00296 0.01742 ( 2)
 258 S   0.09453 0.88749 0.00136 0.01662 ( 2)
 259 P   0.51241 0.46417 0.01145 0.01197 ( 1)
 260 D   0.98210 0.01186 0.00592 0.00013 ( 1)
 261 I   0.15404 0.83261 0.00151 0.01184 ( 2)
 262 L   0.57901 0.40868 0.00629 0.00602 ( 1)
 263 A   0.02148 0.95025 0.00048 0.02778 ( 2)
 264 K   0.00878 0.82927 0.04075 0.12119 ( 2)
 265 Q   0.58076 0.40947 0.00433 0.00544 ( 1)
 266 R   0.04199 0.94288 0.00048 0.01465 ( 2)
 267 G   0.03813 0.76245 0.03793 0.16148 ( 2)
 268 Q   0.18786 0.79525 0.00274 0.01414 ( 2)
 269 L   0.33670 0.64886 0.00372 0.01073 ( 2)
 270 L   0.17878 0.80736 0.00171 0.01216 ( 2)
 271 W   0.00117 0.92241 0.00081 0.07560 ( 2)
 272 I   0.09826 0.89079 0.00073 0.01021 ( 2)
 273 F   0.08156 0.89591 0.00098 0.02156 ( 2)
 274 P   0.95192 0.03903 0.00855 0.00049 ( 1)
 275 D   0.01120 0.94927 0.00339 0.03614 ( 2)
 276 -   0.22863 0.58999 0.12248 0.05891 ( 2)
 277 -   0.38103 0.60350 0.00508 0.01039 ( 2)
 278 -   0.04771 0.91929 0.00166 0.03134 ( 2)
 279 -   0.89112 0.10102 0.00664 0.00122 ( 1)
 280 -   0.01966 0.89914 0.00836 0.07283 ( 2)
 281 -   0.16857 0.77162 0.02760 0.03221 ( 2)
 282 -   0.15264 0.81286 0.01273 0.02176 ( 2)
 283 -   0.46632 0.52000 0.00536 0.00833 ( 2)
 284 -   0.88592 0.10660 0.00632 0.00116 ( 1)
 285 -   0.01727 0.86925 0.01047 0.10302 ( 2)
 286 -   0.61954 0.36666 0.00720 0.00659 ( 1)
 287 -   0.00470 0.96541 0.00014 0.02974 ( 2)
 288 -   0.00495 0.85030 0.01384 0.13091 ( 2)
 289 -   0.51254 0.47216 0.00586 0.00944 ( 1)
 290 -   0.02184 0.94556 0.00062 0.03198 ( 2)
 291 -   0.55141 0.43698 0.00502 0.00659 ( 1)
 292 -   0.81898 0.17090 0.00789 0.00224 ( 1)
 293 -   0.11566 0.86277 0.00188 0.01969 ( 2)
 294 -   0.34168 0.48170 0.13979 0.03683 ( 2)
 295 -   0.40304 0.58048 0.00566 0.01082 ( 2)
 296 -   0.83657 0.15274 0.00850 0.00219 ( 1)
 297 -   0.91002 0.08274 0.00625 0.00099 ( 1)
 298 -   0.17821 0.80809 0.00180 0.01190 ( 2)
 299 -   0.34088 0.64141 0.00521 0.01250 ( 2)
 300 -   0.14988 0.82867 0.00233 0.01913 ( 2)
 301 -   0.53287 0.45568 0.00523 0.00622 ( 1)
 302 -   0.65039 0.33786 0.00623 0.00552 ( 1)
 303 -   0.03719 0.93994 0.00064 0.02223 ( 2)
 304 -   0.02690 0.94797 0.00059 0.02455 ( 2)
 305 -   0.23857 0.74733 0.00235 0.01175 ( 2)
 306 -   0.93074 0.06296 0.00560 0.00070 ( 1)
 307 -   0.83841 0.15250 0.00728 0.00181 ( 1)
 308 -   0.40245 0.58098 0.00590 0.01067 ( 2)
 309 -   0.22030 0.76026 0.00343 0.01601 ( 2)
 310 -   0.89070 0.10018 0.00760 0.00153 ( 1)
 311 -   0.77965 0.20850 0.00879 0.00305 ( 1)
 312 -   0.81375 0.17569 0.00812 0.00244 ( 1)
 313 -   0.42251 0.56039 0.00576 0.01133 ( 2)
 314 -   0.03566 0.94232 0.00056 0.02145 ( 2)
 315 -   0.77164 0.21704 0.00835 0.00297 ( 1)
 316 -   0.83025 0.16048 0.00734 0.00194 ( 1)
 317 -   0.78184 0.20678 0.00852 0.00286 ( 1)
 318 -   0.77965 0.20850 0.00879 0.00305 ( 1)
 319 -   0.92711 0.06735 0.00495 0.00059 ( 1)
 320 -   0.80612 0.18376 0.00778 0.00234 ( 1)
 321 -   0.69266 0.29272 0.00971 0.00490 ( 1)
 322 -   0.78649 0.20184 0.00878 0.00288 ( 1)
 323 -   0.89931 0.09259 0.00687 0.00123 ( 1)
 324 -   0.92711 0.06735 0.00495 0.00059 ( 1)
 325 -   0.45725 0.53088 0.00468 0.00720 ( 2)
 326 -   0.15194 0.82498 0.00308 0.01999 ( 2)
 327 -   0.78177 0.20453 0.01019 0.00351 ( 1)
 328 -   0.10764 0.87372 0.00159 0.01706 ( 2)
 329 -   0.10085 0.86425 0.00315 0.03175 ( 2)
 330 -   0.08615 0.80990 0.03596 0.06799 ( 2)
 331 -   0.90652 0.08731 0.00533 0.00084 ( 1)
 332 -   0.88365 0.10808 0.00694 0.00133 ( 1)
 333 -   0.06054 0.91496 0.00134 0.02317 ( 2)
 334 -   0.10337 0.88115 0.00116 0.01433 ( 2)
 335 -   0.16627 0.81822 0.00159 0.01392 ( 2)
 336 -   0.86786 0.12398 0.00670 0.00146 ( 1)
 337 -   0.77999 0.20878 0.00838 0.00284 ( 1)
 338 -   0.14927 0.79770 0.02403 0.02901 ( 2)
 339 -   0.81561 0.17354 0.00838 0.00246 ( 1)
 340 -   0.35084 0.63459 0.00455 0.01002 ( 2)
 341 -   0.85030 0.14079 0.00722 0.00169 ( 1)
 342 -   0.93241 0.06094 0.00589 0.00077 ( 1)
 343 -   0.88344 0.10801 0.00713 0.00142 ( 1)
 344 -   0.79880 0.18978 0.00866 0.00277 ( 1)
 345 -   0.83281 0.15824 0.00711 0.00183 ( 1)
 346 -   0.79880 0.18978 0.00866 0.00277 ( 1)
 347 -   0.86789 0.12390 0.00679 0.00142 ( 1)
 348 -   0.00503 0.22964 0.61321 0.15212 ( 3)
 349 -   0.12275 0.85611 0.00206 0.01908 ( 2)
 350 -   0.17308 0.80500 0.00269 0.01924 ( 2)
 351 -   0.33507 0.55943 0.08076 0.02474 ( 2)
 352 -   0.14485 0.83503 0.00227 0.01784 ( 2)
 353 -   0.11265 0.79247 0.04234 0.05254 ( 2)
 354 -   0.11354 0.78859 0.04526 0.05262 ( 2)
 355 -   0.19879 0.51306 0.23257 0.05558 ( 2)
 356 -   0.40418 0.58049 0.00524 0.01010 ( 2)
 357 -   0.08951 0.88334 0.00242 0.02472 ( 2)
 358 -   0.42950 0.55718 0.00510 0.00822 ( 2)
 359 -   0.93074 0.06296 0.00560 0.00070 ( 1)
 360 -   0.52069 0.46882 0.00469 0.00579 ( 1)
 361 -   0.40688 0.58021 0.00429 0.00862 ( 2)
 362 -   0.17234 0.81178 0.00165 0.01422 ( 2)
 363 -   0.57707 0.41049 0.00558 0.00686 ( 1)
 364 -   0.81490 0.17356 0.00895 0.00259 ( 1)
 365 -   0.80530 0.18326 0.00880 0.00264 ( 1)
 366 -   0.91252 0.07987 0.00656 0.00105 ( 1)
 367 -   0.21768 0.76109 0.00377 0.01746 ( 2)
 368 -   0.14681 0.83655 0.00191 0.01473 ( 2)
 369 -   0.39849 0.46198 0.11249 0.02704 ( 2)
 370 -   0.61957 0.36736 0.00632 0.00674 ( 1)
 371 -   0.32452 0.65743 0.00458 0.01347 ( 2)
 372 -   0.03768 0.78226 0.07442 0.10564 ( 2)
 373 -   0.01773 0.91992 0.00409 0.05827 ( 2)
 374 -   0.88391 0.10775 0.00699 0.00135 ( 1)
 375 -   0.26912 0.52957 0.15268 0.04863 ( 2)
 376 -   0.45276 0.53216 0.00599 0.00909 ( 2)
 377 -   0.32391 0.58712 0.06911 0.01986 ( 2)
 378 -   0.14269 0.78459 0.03611 0.03660 ( 2)
 379 -   0.86242 0.12853 0.00733 0.00172 ( 1)
 380 -   0.76398 0.22341 0.00903 0.00359 ( 1)
 381 -   0.86915 0.12326 0.00631 0.00128 ( 1)
 382 S   0.91982 0.06866 0.01048 0.00103 ( 1)
 383 A   0.86434 0.12902 0.00520 0.00144 ( 1)
 384 G   0.77323 0.21710 0.00697 0.00271 ( 1)
 385 N   0.70659 0.28543 0.00482 0.00316 ( 1)
 386 C   0.83184 0.15963 0.00658 0.00195 ( 1)
 387 V   0.03539 0.94598 0.00088 0.01775 ( 2)
 388 P   0.06546 0.91864 0.00073 0.01517 ( 2)
 389 Q   0.59924 0.37834 0.01359 0.00883 ( 1)
 390 S   0.04677 0.93705 0.00059 0.01558 ( 2)
 391 F   0.96103 0.03033 0.00825 0.00039 ( 1)

