Supplemental results for CODEML (seqf: align.fa  treef: tree.nwk)


MLEs of dN/dS (w) for site classes (K=4)

site class             0        1       2a       2b
proportion       0.45381  0.54239  0.00173  0.00206
background w     0.17817  1.00000  0.17817  1.00000
foreground w     0.17817  1.00000 36.12879 36.12879

Naive Empirical Bayes (NEB) probabilities for 4 classes
(amino acids refer to 1st sequence: xeno|270561947)

   1 M   0.99534 0.00456 0.00010 0.00000 ( 1)
   2 S   0.98069 0.01909 0.00022 0.00001 ( 1)
   3 V   0.07687 0.92291 0.00002 0.00021 ( 2)
   4 W   0.42306 0.57679 0.00006 0.00009 ( 2)
   5 F   0.57003 0.42970 0.00014 0.00012 ( 1)
   6 T   0.00065 0.99677 0.00001 0.00257 ( 2)
   7 W   0.53960 0.45996 0.00023 0.00021 ( 1)
   8 A   0.17318 0.82645 0.00006 0.00031 ( 2)
   9 F   0.58773 0.41207 0.00011 0.00009 ( 1)
  10 L   0.91568 0.08403 0.00026 0.00003 ( 1)
  11 I   0.02620 0.97352 0.00001 0.00027 ( 2)
  12 S   0.12001 0.87790 0.00023 0.00186 ( 2)
  13 Q   0.00115 0.99864 0.00000 0.00021 ( 2)
  14 C   0.41002 0.58932 0.00025 0.00041 ( 2)
  15 F   0.57023 0.42966 0.00006 0.00005 ( 1)
  16 V   0.46285 0.53673 0.00019 0.00024 ( 2)
  17 L   0.01277 0.98698 0.00000 0.00025 ( 2)
  18 Q   0.02493 0.97480 0.00001 0.00026 ( 2)
  19 I   0.68316 0.31651 0.00021 0.00011 ( 1)
  20 A   0.79085 0.20886 0.00022 0.00007 ( 1)
  21 G   0.96957 0.03029 0.00014 0.00001 ( 1)
  22 L   0.07114 0.92866 0.00001 0.00019 ( 2)
  23 L   0.57630 0.42343 0.00015 0.00012 ( 1)
  24 H   0.94988 0.04997 0.00014 0.00001 ( 1)
  25 P   0.66960 0.33020 0.00013 0.00007 ( 1)
  26 P   0.98639 0.01339 0.00021 0.00000 ( 1)
  27 L   0.04180 0.95786 0.00001 0.00034 ( 2)
  28 N   0.99267 0.00703 0.00030 0.00000 ( 1)
  29 V   0.95314 0.04652 0.00032 0.00002 ( 1)
  30 T   0.15075 0.84893 0.00004 0.00028 ( 2)
  31 T   0.24783 0.74326 0.00561 0.00330 ( 2)
  32 I   0.78302 0.21677 0.00016 0.00005 ( 1)
  33 S   0.95488 0.04483 0.00028 0.00001 ( 1)
  34 R   0.68905 0.31079 0.00010 0.00006 ( 1)
  35 N   0.98604 0.01374 0.00021 0.00000 ( 1)
  36 F   0.10666 0.89167 0.00016 0.00151 ( 2)
  37 R   0.96651 0.03336 0.00012 0.00000 ( 1)
  38 L   0.93772 0.06203 0.00024 0.00002 ( 1)
  39 F   0.99187 0.00793 0.00020 0.00000 ( 1)
  40 L   0.95846 0.04129 0.00024 0.00001 ( 1)
  41 T   0.88289 0.11669 0.00037 0.00005 ( 1)
  42 W   0.86935 0.13022 0.00037 0.00006 ( 1)
  43 A   0.65649 0.34332 0.00012 0.00007 ( 1)
  44 P   0.98233 0.01749 0.00017 0.00000 ( 1)
  45 D   0.32461 0.67021 0.00350 0.00168 ( 2)
  46 P   0.23993 0.75987 0.00004 0.00015 ( 2)
  47 R   0.00260 0.99709 0.00000 0.00032 ( 2)
  48 N   0.80339 0.19630 0.00023 0.00008 ( 1)
  49 P   0.54952 0.45019 0.00014 0.00015 ( 1)
  50 P   0.42974 0.57001 0.00009 0.00015 ( 2)
  51 N   0.04996 0.94970 0.00001 0.00032 ( 2)
  52 V   0.98495 0.01480 0.00025 0.00000 ( 1)
  53 S   0.43534 0.56432 0.00014 0.00020 ( 2)
  54 Y   0.98326 0.01617 0.00056 0.00001 ( 1)
  55 Q   0.32890 0.67089 0.00006 0.00014 ( 2)
  56 V   0.97950 0.02024 0.00025 0.00001 ( 1)
  57 A   0.03165 0.96814 0.00001 0.00020 ( 2)
  58 Y   0.96143 0.03827 0.00029 0.00001 ( 1)
  59 Y   0.00309 0.99654 0.00000 0.00036 ( 2)
  60 M   0.16943 0.83029 0.00004 0.00024 ( 2)
  61 F   0.07412 0.92492 0.00006 0.00089 ( 2)
  62 I   0.06296 0.93672 0.00002 0.00031 ( 2)
  63 E   0.11564 0.88413 0.00002 0.00021 ( 2)
  64 K   0.36468 0.63512 0.00007 0.00014 ( 2)
  65 K   0.91031 0.08953 0.00015 0.00002 ( 1)
  66 W   0.86935 0.13022 0.00037 0.00006 ( 1)
  67 N   0.42452 0.57492 0.00022 0.00034 ( 2)
  68 K   0.00022 0.97203 0.00007 0.02768 ( 2)
  69 -   0.74099 0.25857 0.00031 0.00013 ( 1)
  70 K   0.49982 0.50000 0.00009 0.00010 ( 2)
  71 N   0.00221 0.99031 0.00008 0.00741 ( 2)
  72 C   0.98327 0.01660 0.00013 0.00000 ( 1)
  73 R   0.09599 0.90376 0.00002 0.00024 ( 2)
  74 N   0.99445 0.00532 0.00023 0.00000 ( 1)
  75 I   0.86698 0.13271 0.00026 0.00005 ( 1)
  76 T   0.80884 0.19085 0.00024 0.00006 ( 1)
  77 G   0.05316 0.94627 0.00004 0.00052 ( 2)
  78 K   0.92311 0.07661 0.00025 0.00002 ( 1)
  79 E   0.82205 0.13077 0.04579 0.00139 ( 1)
  80 C   0.98740 0.01246 0.00013 0.00000 ( 1)
  81 D   0.21664 0.77866 0.00249 0.00221 ( 2)
  82 L   0.32942 0.67035 0.00007 0.00016 ( 2)
  83 T   0.96575 0.03393 0.00031 0.00001 ( 1)
  84 C   0.98327 0.01660 0.00013 0.00000 ( 1)
  85 L   0.01820 0.97428 0.00073 0.00678 ( 2)
  86 F   0.68163 0.31808 0.00019 0.00010 ( 1)
  87 Y   0.21697 0.78258 0.00009 0.00036 ( 2)
  88 T   0.18243 0.81734 0.00004 0.00020 ( 2)
  89 H   0.00229 0.99718 0.00000 0.00052 ( 2)
  90 N   0.23260 0.76706 0.00006 0.00028 ( 2)
  91 Y   0.67391 0.32591 0.00012 0.00007 ( 1)
  92 I   0.00082 0.98900 0.00004 0.01013 ( 2)
  93 V   0.98495 0.01480 0.00025 0.00000 ( 1)
  94 G   0.03394 0.96539 0.00002 0.00065 ( 2)
  95 V   0.94090 0.05877 0.00032 0.00002 ( 1)
  96 R   0.27691 0.72275 0.00009 0.00025 ( 2)
  97 T   0.39062 0.60923 0.00005 0.00010 ( 2)
  98 K   0.03122 0.96844 0.00001 0.00033 ( 2)
  99 F   0.69850 0.28498 0.01522 0.00129 ( 1)
 100 G   0.14534 0.85440 0.00003 0.00023 ( 2)
 101 S   0.83694 0.16275 0.00026 0.00005 ( 1)
 102 S   0.00071 0.99825 0.00000 0.00104 ( 2)
 103 M   0.49464 0.50513 0.00011 0.00013 ( 2)
 104 S   0.96774 0.03203 0.00021 0.00001 ( 1)
 105 K   0.05252 0.94683 0.00006 0.00059 ( 2)
 106 W   0.86935 0.13022 0.00037 0.00006 ( 1)
 107 E   0.62269 0.37705 0.00015 0.00011 ( 1)
 108 E   0.30274 0.69579 0.00042 0.00105 ( 2)
 109 I   0.67808 0.32162 0.00019 0.00011 ( 1)
 110 K   0.03060 0.94737 0.00345 0.01858 ( 2)
 111 D   0.98112 0.01865 0.00023 0.00001 ( 1)
 112 I   0.99044 0.00931 0.00025 0.00000 ( 1)
 113 S   0.00462 0.99517 0.00000 0.00020 ( 2)
 114 Y   0.95413 0.04556 0.00029 0.00002 ( 1)
 115 I   0.15910 0.82516 0.00772 0.00802 ( 2)
 116 F   0.77203 0.22776 0.00015 0.00006 ( 1)
 117 T   0.98473 0.01499 0.00027 0.00000 ( 1)
 118 V   0.92741 0.07225 0.00031 0.00003 ( 1)
 119 D   0.94142 0.05838 0.00019 0.00001 ( 1)
 120 P   0.98000 0.01978 0.00022 0.00000 ( 1)
 121 E   0.78393 0.21586 0.00016 0.00005 ( 1)
 122 A   0.89732 0.10250 0.00016 0.00002 ( 1)
 123 P   0.97976 0.02002 0.00021 0.00000 ( 1)
 124 T   0.21664 0.78303 0.00006 0.00028 ( 2)
 125 L   0.73706 0.26264 0.00021 0.00008 ( 1)
 126 E   0.69745 0.30227 0.00019 0.00010 ( 1)
 127 V   0.98495 0.01480 0.00025 0.00000 ( 1)
 128 K   0.57837 0.42134 0.00015 0.00014 ( 1)
 129 F   0.01460 0.98520 0.00000 0.00020 ( 2)
 130 V   0.82297 0.17687 0.00012 0.00003 ( 1)
 131 D   0.83701 0.16276 0.00018 0.00005 ( 1)
 132 K   0.09666 0.90319 0.00001 0.00014 ( 2)
 133 S   0.00571 0.99403 0.00000 0.00026 ( 2)
 134 M   0.04804 0.95163 0.00001 0.00032 ( 2)
 135 Y   0.09935 0.90033 0.00003 0.00029 ( 2)
 136 I   0.58412 0.41560 0.00015 0.00013 ( 1)
 137 N   0.45369 0.54602 0.00011 0.00018 ( 2)
 138 A   0.00316 0.99482 0.00004 0.00197 ( 2)
 139 A   0.00897 0.99076 0.00000 0.00026 ( 2)
 140 V   0.00069 0.99866 0.00000 0.00065 ( 2)
 141 K   0.01606 0.98375 0.00000 0.00019 ( 2)
 142 T   0.00379 0.99466 0.00001 0.00154 ( 2)
 143 P   0.97860 0.02118 0.00021 0.00001 ( 1)
 144 H   0.00004 0.99127 0.00000 0.00869 ( 2)
 145 C   0.95493 0.04485 0.00021 0.00001 ( 1)
 146 I   0.07486 0.92488 0.00002 0.00024 ( 2)
 147 K   0.00406 0.99570 0.00000 0.00025 ( 2)
 148 D   0.00101 0.99878 0.00000 0.00021 ( 2)
 149 I   0.02062 0.97903 0.00001 0.00034 ( 2)
 150 Y   0.14283 0.85684 0.00004 0.00029 ( 2)
 151 -   0.79699 0.20280 0.00016 0.00005 ( 1)
 152 -   0.00029 0.99354 0.00001 0.00616 ( 2)
 153 -   0.48211 0.51660 0.00060 0.00070 ( 2)
 154 N   0.01704 0.98261 0.00001 0.00035 ( 2)
 155 L   0.75308 0.24666 0.00019 0.00007 ( 1)
 156 K   0.00955 0.99029 0.00000 0.00016 ( 2)
 157 Y   0.91290 0.08687 0.00021 0.00002 ( 1)
 158 N   0.00226 0.99201 0.00006 0.00567 ( 2)
 159 I   0.81282 0.18673 0.00037 0.00008 ( 1)
 160 E   0.04003 0.95404 0.00103 0.00490 ( 2)
 161 N   0.02238 0.97709 0.00001 0.00052 ( 2)
 162 A   0.09853 0.90119 0.00002 0.00026 ( 2)
 163 P   0.02434 0.97540 0.00001 0.00025 ( 2)
 164 K   0.04554 0.95417 0.00001 0.00028 ( 2)
 165 Q   0.61882 0.38099 0.00011 0.00008 ( 1)
 166 I   0.56305 0.43663 0.00017 0.00016 ( 1)
 167 K   0.76955 0.23010 0.00025 0.00010 ( 1)
 168 F   0.59103 0.40878 0.00011 0.00009 ( 1)
 169 K   0.78314 0.21662 0.00017 0.00006 ( 1)
 170 E   0.84915 0.15066 0.00015 0.00003 ( 1)
 171 V   0.60517 0.39464 0.00011 0.00008 ( 1)
 172 K   0.00224 0.87637 0.00216 0.11922 ( 2)
 173 M   0.20405 0.79567 0.00005 0.00024 ( 2)
 174 N   0.00300 0.98823 0.00002 0.00874 ( 2)
 175 S   0.16742 0.83218 0.00006 0.00034 ( 2)
 176 A   0.43598 0.56368 0.00014 0.00020 ( 2)
 177 V   0.04537 0.95429 0.00001 0.00033 ( 2)
 178 I   0.26270 0.73698 0.00007 0.00024 ( 2)
 179 L   0.00360 0.99611 0.00000 0.00029 ( 2)
 180 D   0.88152 0.11827 0.00018 0.00003 ( 1)
 181 T   0.90178 0.09789 0.00029 0.00004 ( 1)
 182 T   0.68964 0.31017 0.00012 0.00007 ( 1)
 183 G   0.97093 0.02892 0.00014 0.00000 ( 1)
 184 L   0.42321 0.57647 0.00013 0.00019 ( 2)
 185 S   0.88132 0.11847 0.00018 0.00003 ( 1)
 186 G   0.96994 0.02991 0.00014 0.00000 ( 1)
 187 N   0.86328 0.13653 0.00016 0.00003 ( 1)
 188 Y   0.97350 0.02623 0.00026 0.00001 ( 1)
 189 C   0.98783 0.01204 0.00013 0.00000 ( 1)
 190 V   0.22152 0.77796 0.00008 0.00044 ( 2)
 191 E   0.90003 0.09974 0.00020 0.00003 ( 1)
 192 A   0.42982 0.56991 0.00010 0.00016 ( 2)
 193 L   0.20116 0.79860 0.00004 0.00020 ( 2)
 194 T   0.96886 0.03086 0.00027 0.00001 ( 1)
 195 V   0.21857 0.77975 0.00033 0.00135 ( 2)
 196 F   0.57025 0.42954 0.00011 0.00011 ( 1)
 197 T   0.59570 0.40402 0.00015 0.00013 ( 1)
 198 M   0.56085 0.43884 0.00015 0.00015 ( 1)
 199 E   0.00496 0.99479 0.00000 0.00025 ( 2)
 200 Q   0.13290 0.86678 0.00004 0.00029 ( 2)
 201 K   0.00294 0.99682 0.00000 0.00025 ( 2)
 202 K   0.99164 0.00815 0.00020 0.00000 ( 1)
 203 I   0.00009 0.99279 0.00001 0.00711 ( 2)
 204 S   0.98180 0.01806 0.00014 0.00000 ( 1)
 205 Q   0.02920 0.97059 0.00000 0.00020 ( 2)
 206 P   0.19353 0.80621 0.00004 0.00021 ( 2)
 207 S   0.95488 0.04483 0.00028 0.00001 ( 1)
 208 K   0.00006 0.97880 0.00000 0.02114 ( 2)
 209 P   0.98271 0.01690 0.00038 0.00001 ( 1)
 210 F   0.41964 0.58007 0.00010 0.00018 ( 2)
 211 C   0.95206 0.04772 0.00021 0.00001 ( 1)
 212 H   0.44424 0.55552 0.00010 0.00014 ( 2)
 213 L   0.38713 0.61261 0.00009 0.00018 ( 2)
 214 F   0.30764 0.67056 0.01365 0.00816 ( 2)
 215 -   0.19768 0.80193 0.00006 0.00032 ( 2)
 216 -   0.21722 0.78257 0.00004 0.00017 ( 2)
 217 K   0.94639 0.05341 0.00019 0.00001 ( 1)
 218 D   0.99482 0.00499 0.00019 0.00000 ( 1)
 219 E   0.22309 0.77669 0.00004 0.00017 ( 2)
 220 E   0.00026 0.99327 0.00001 0.00646 ( 2)
 221 Y   0.04219 0.95745 0.00001 0.00035 ( 2)
 222 N   0.56753 0.43226 0.00011 0.00011 ( 1)
 223 S   0.02393 0.97577 0.00001 0.00029 ( 2)
 224 G   0.04092 0.95876 0.00001 0.00031 ( 2)
 225 H   0.02977 0.96996 0.00001 0.00027 ( 2)
 226 N   0.00740 0.99235 0.00000 0.00025 ( 2)
 227 W   0.00041 0.99916 0.00000 0.00044 ( 2)
 228 S   0.00782 0.99180 0.00000 0.00038 ( 2)
 229 F   0.02458 0.97083 0.00009 0.00450 ( 2)
 230 A   0.02037 0.97910 0.00001 0.00052 ( 2)
 231 V   0.08781 0.91180 0.00002 0.00037 ( 2)
 232 L   0.00304 0.99594 0.00000 0.00102 ( 2)
 233 I   0.16076 0.83858 0.00009 0.00057 ( 2)
 234 L   0.01715 0.98237 0.00001 0.00047 ( 2)
 235 F   0.00717 0.99213 0.00000 0.00069 ( 2)
 236 P   0.00478 0.99474 0.00000 0.00048 ( 2)
 237 I   0.22727 0.77238 0.00006 0.00029 ( 2)
 238 L   0.27135 0.72829 0.00008 0.00029 ( 2)
 239 L   0.00171 0.86108 0.00168 0.13553 ( 2)
 240 I   0.01029 0.98634 0.00015 0.00322 ( 2)
 241 S   0.04249 0.95051 0.00148 0.00553 ( 2)
 242 G   0.00927 0.98185 0.00116 0.00772 ( 2)
 243 I   0.02019 0.97939 0.00001 0.00042 ( 2)
 244 L   0.24393 0.75575 0.00007 0.00026 ( 2)
 245 L   0.59679 0.40281 0.00021 0.00019 ( 1)
 246 Y   0.21721 0.78234 0.00009 0.00036 ( 2)
 247 T   0.00214 0.98364 0.00023 0.01398 ( 2)
 248 S   0.00348 0.99076 0.00008 0.00568 ( 2)
 249 -   0.52685 0.46219 0.00939 0.00156 ( 1)
 250 -   0.55703 0.44263 0.00016 0.00017 ( 1)
 251 -   0.50592 0.46483 0.02440 0.00485 ( 1)
 252 -   0.91181 0.08797 0.00019 0.00002 ( 1)
 253 -   0.39194 0.60772 0.00012 0.00022 ( 2)
 254 -   0.82931 0.17052 0.00014 0.00003 ( 1)
 255 -   0.02915 0.95124 0.00308 0.01654 ( 2)
 256 -   0.87903 0.12079 0.00015 0.00003 ( 1)
 257 -   0.17932 0.81996 0.00009 0.00063 ( 2)
 258 S   0.09390 0.88462 0.00834 0.01314 ( 2)
 259 P   0.53169 0.46798 0.00017 0.00017 ( 1)
 260 D   0.98678 0.01302 0.00020 0.00000 ( 1)
 261 I   0.16182 0.83517 0.00127 0.00174 ( 2)
 262 L   0.59392 0.40575 0.00018 0.00014 ( 1)
 263 A   0.01889 0.97774 0.00027 0.00310 ( 2)
 264 K   0.00874 0.99092 0.00000 0.00033 ( 2)
 265 Q   0.60628 0.39348 0.00013 0.00011 ( 1)
 266 R   0.03901 0.96070 0.00001 0.00029 ( 2)
 267 G   0.04653 0.95303 0.00002 0.00042 ( 2)
 268 Q   0.19402 0.79060 0.00862 0.00675 ( 2)
 269 L   0.35636 0.64333 0.00009 0.00022 ( 2)
 270 L   0.18738 0.80819 0.00240 0.00202 ( 2)
 271 W   0.00081 0.99424 0.00002 0.00494 ( 2)
 272 I   0.09959 0.90026 0.00001 0.00014 ( 2)
 273 F   0.08487 0.91301 0.00010 0.00203 ( 2)
 274 P   0.95776 0.04197 0.00025 0.00001 ( 1)
 275 D   0.00945 0.99018 0.00000 0.00037 ( 2)
 276 -   0.28185 0.71713 0.00029 0.00074 ( 2)
 277 -   0.39261 0.60685 0.00019 0.00036 ( 2)
 278 -   0.04726 0.94207 0.00229 0.00838 ( 2)
 279 -   0.89293 0.10675 0.00027 0.00005 ( 1)
 280 -   0.01939 0.97719 0.00028 0.00314 ( 2)
 281 -   0.18427 0.81533 0.00006 0.00034 ( 2)
 282 -   0.16166 0.83800 0.00005 0.00030 ( 2)
 283 -   0.47942 0.52032 0.00011 0.00016 ( 2)
 284 -   0.88739 0.11243 0.00016 0.00003 ( 1)
 285 -   0.01773 0.98047 0.00003 0.00178 ( 2)
 286 -   0.63378 0.36588 0.00018 0.00016 ( 1)
 287 -   0.00365 0.97003 0.00064 0.02568 ( 2)
 288 -   0.00458 0.99499 0.00000 0.00043 ( 2)
 289 -   0.52606 0.47298 0.00042 0.00055 ( 1)
 290 -   0.02063 0.97779 0.00002 0.00155 ( 2)
 291 -   0.56410 0.43569 0.00010 0.00011 ( 1)
 292 -   0.81984 0.17908 0.00087 0.00021 ( 1)
 293 -   0.11925 0.88049 0.00002 0.00023 ( 2)
 294 -   0.42027 0.57914 0.00022 0.00037 ( 2)
 295 -   0.41591 0.58375 0.00013 0.00022 ( 2)
 296 -   0.83928 0.16038 0.00027 0.00006 ( 1)
 297 -   0.91181 0.08797 0.00019 0.00002 ( 1)
 298 -   0.18529 0.81142 0.00156 0.00173 ( 2)
 299 -   0.35063 0.64785 0.00056 0.00096 ( 2)
 300 -   0.15667 0.84235 0.00011 0.00087 ( 2)
 301 -   0.54619 0.45361 0.00010 0.00010 ( 1)
 302 -   0.66282 0.33690 0.00016 0.00012 ( 1)
 303 -   0.03568 0.96369 0.00002 0.00061 ( 2)
 304 -   0.02497 0.97201 0.00040 0.00261 ( 2)
 305 -   0.25046 0.74733 0.00120 0.00101 ( 2)
 306 -   0.93261 0.06719 0.00018 0.00002 ( 1)
 307 -   0.84015 0.15970 0.00013 0.00003 ( 1)
 308 -   0.41562 0.58403 0.00013 0.00022 ( 2)
 309 -   0.23195 0.76716 0.00016 0.00073 ( 2)
 310 -   0.89330 0.10640 0.00026 0.00004 ( 1)
 311 -   0.78192 0.21777 0.00024 0.00007 ( 1)
 312 -   0.81529 0.18419 0.00041 0.00010 ( 1)
 313 -   0.43553 0.56411 0.00013 0.00022 ( 2)
 314 -   0.03395 0.96378 0.00027 0.00200 ( 2)
 315 -   0.77372 0.22607 0.00016 0.00005 ( 1)
 316 -   0.83146 0.16835 0.00015 0.00004 ( 1)
 317 -   0.78416 0.21563 0.00016 0.00005 ( 1)
 318 -   0.78192 0.21777 0.00024 0.00007 ( 1)
 319 -   0.92848 0.07141 0.00010 0.00001 ( 1)
 320 -   0.80772 0.19209 0.00015 0.00004 ( 1)
 321 -   0.69554 0.30413 0.00022 0.00011 ( 1)
 322 -   0.78903 0.21069 0.00021 0.00006 ( 1)
 323 -   0.90152 0.09819 0.00025 0.00004 ( 1)
 324 -   0.92848 0.07141 0.00010 0.00001 ( 1)
 325 -   0.46909 0.53071 0.00009 0.00011 ( 2)
 326 -   0.15666 0.83421 0.00465 0.00449 ( 2)
 327 -   0.78496 0.21424 0.00062 0.00018 ( 1)
 328 -   0.11081 0.88838 0.00008 0.00074 ( 2)
 329 -   0.10514 0.89425 0.00006 0.00056 ( 2)
 330 -   0.09651 0.90310 0.00003 0.00036 ( 2)
 331 -   0.90753 0.09235 0.00011 0.00002 ( 1)
 332 -   0.88539 0.11430 0.00027 0.00004 ( 1)
 333 -   0.06081 0.93883 0.00002 0.00034 ( 2)
 334 -   0.10533 0.89450 0.00001 0.00015 ( 2)
 335 -   0.17283 0.82700 0.00002 0.00015 ( 2)
 336 -   0.86921 0.13056 0.00019 0.00004 ( 1)
 337 -   0.78215 0.21763 0.00017 0.00005 ( 1)
 338 -   0.16140 0.83840 0.00003 0.00017 ( 2)
 339 -   0.81795 0.18171 0.00026 0.00007 ( 1)
 340 -   0.36160 0.63816 0.00008 0.00016 ( 2)
 341 -   0.85202 0.14775 0.00019 0.00004 ( 1)
 342 -   0.93451 0.06525 0.00022 0.00002 ( 1)
 343 -   0.88556 0.11415 0.00025 0.00004 ( 1)
 344 -   0.80125 0.19843 0.00025 0.00007 ( 1)
 345 -   0.83433 0.16552 0.00012 0.00003 ( 1)
 346 -   0.80125 0.19843 0.00025 0.00007 ( 1)
 347 -   0.86938 0.13042 0.00016 0.00003 ( 1)
 348 -   0.02129 0.97826 0.00001 0.00043 ( 2)
 349 -   0.12723 0.86943 0.00046 0.00288 ( 2)
 350 -   0.08071 0.36639 0.48904 0.06386 ( 3)
 351 -   0.37986 0.61985 0.00011 0.00019 ( 2)
 352 -   0.14960 0.85002 0.00005 0.00033 ( 2)
 353 -   0.12469 0.86838 0.00328 0.00365 ( 2)
 354 -   0.12799 0.87177 0.00003 0.00021 ( 2)
 355 -   0.28176 0.71777 0.00012 0.00035 ( 2)
 356 -   0.41658 0.58308 0.00013 0.00021 ( 2)
 357 -   0.08911 0.88631 0.00932 0.01525 ( 2)
 358 -   0.44218 0.55765 0.00007 0.00010 ( 2)
 359 -   0.93261 0.06719 0.00018 0.00002 ( 1)
 360 -   0.53339 0.46647 0.00007 0.00007 ( 1)
 361 -   0.41782 0.58198 0.00008 0.00013 ( 2)
 362 -   0.17963 0.82023 0.00002 0.00013 ( 2)
 363 -   0.59009 0.40967 0.00012 0.00012 ( 1)
 364 -   0.81784 0.18185 0.00025 0.00006 ( 1)
 365 -   0.80796 0.19173 0.00024 0.00007 ( 1)
 366 -   0.91480 0.08493 0.00024 0.00003 ( 1)
 367 -   0.22321 0.77485 0.00046 0.00147 ( 2)
 368 -   0.15237 0.84697 0.00007 0.00059 ( 2)
 369 -   0.46859 0.53111 0.00013 0.00018 ( 2)
 370 -   0.63246 0.36725 0.00015 0.00014 ( 1)
 371 -   0.33546 0.66420 0.00010 0.00024 ( 2)
 372 -   0.04495 0.95468 0.00002 0.00035 ( 2)
 373 -   0.01705 0.98194 0.00001 0.00099 ( 2)
 374 -   0.88532 0.11384 0.00072 0.00012 ( 1)
 375 -   0.34123 0.65806 0.00022 0.00049 ( 2)
 376 -   0.46675 0.53296 0.00013 0.00017 ( 2)
 377 -   0.36065 0.63904 0.00011 0.00020 ( 2)
 378 -   0.15761 0.84215 0.00004 0.00021 ( 2)
 379 -   0.86428 0.13542 0.00025 0.00005 ( 1)
 380 -   0.76496 0.23336 0.00126 0.00042 ( 1)
 381 -   0.87035 0.12951 0.00011 0.00002 ( 1)
 382 S   0.92621 0.07337 0.00038 0.00004 ( 1)
 383 A   0.87073 0.12906 0.00017 0.00004 ( 1)
 384 G   0.78501 0.21484 0.00012 0.00004 ( 1)
 385 N   0.72992 0.26989 0.00013 0.00006 ( 1)
 386 C   0.84065 0.15893 0.00034 0.00008 ( 1)
 387 V   0.03248 0.96734 0.00000 0.00018 ( 2)
 388 P   0.06394 0.92906 0.00224 0.00476 ( 2)
 389 Q   0.62039 0.37849 0.00071 0.00042 ( 1)
 390 S   0.04440 0.93678 0.00431 0.01451 ( 2)
 391 F   0.96671 0.03302 0.00025 0.00001 ( 1)


lnL = -5821.392277

Bayes Empirical Bayes (BEB) probabilities for 4 classes (class)
(amino acids refer to 1st sequence: xeno|270561947)

   1 M   0.96711 0.00402 0.02872 0.00015 ( 1)
   2 S   0.95124 0.01727 0.03082 0.00068 ( 1)
   3 V   0.05946 0.90020 0.00225 0.03809 ( 2)
   4 W   0.36097 0.60355 0.01192 0.02355 ( 2)
   5 F   0.51723 0.44446 0.01941 0.01890 ( 1)
   6 T   0.00062 0.94025 0.00012 0.05901 ( 2)
   7 W   0.48787 0.46952 0.02086 0.02175 ( 1)
   8 A   0.13497 0.82642 0.00481 0.03380 ( 2)
   9 F   0.52230 0.44395 0.01669 0.01706 ( 1)
  10 L   0.88343 0.07935 0.03378 0.00344 ( 1)
  11 I   0.02026 0.94112 0.00071 0.03791 ( 2)
  12 S   0.09248 0.86535 0.00362 0.03854 ( 2)
  13 Q   0.00109 0.96034 0.00004 0.03854 ( 2)
  14 C   0.34793 0.61388 0.01262 0.02557 ( 2)
  15 F   0.49175 0.47661 0.01437 0.01728 ( 1)
  16 V   0.39776 0.56150 0.01588 0.02487 ( 2)
  17 L   0.01017 0.94902 0.00039 0.04042 ( 2)
  18 Q   0.01947 0.94389 0.00062 0.03601 ( 2)
  19 I   0.62016 0.34318 0.02239 0.01428 ( 1)
  20 A   0.75067 0.21686 0.02403 0.00844 ( 1)
  21 G   0.93757 0.02795 0.03332 0.00115 ( 1)
  22 L   0.05522 0.90641 0.00193 0.03643 ( 2)
  23 L   0.52727 0.43446 0.01979 0.01847 ( 1)
  24 H   0.91945 0.05039 0.02825 0.00191 ( 1)
  25 P   0.60522 0.36242 0.01867 0.01369 ( 1)
  26 P   0.95442 0.01206 0.03303 0.00049 ( 1)
  27 L   0.03271 0.92763 0.00119 0.03847 ( 2)
  28 N   0.96196 0.00610 0.03169 0.00024 ( 1)
  29 V   0.91854 0.04272 0.03683 0.00191 ( 1)
  30 T   0.11797 0.84619 0.00372 0.03211 ( 2)
  31 T   0.17507 0.67911 0.08477 0.06105 ( 2)
  32 I   0.72761 0.24062 0.02261 0.00916 ( 1)
  33 S   0.92164 0.04164 0.03493 0.00179 ( 1)
  34 R   0.64327 0.32294 0.02111 0.01268 ( 1)
  35 N   0.95590 0.01222 0.03140 0.00048 ( 1)
  36 F   0.08258 0.87506 0.00335 0.03901 ( 2)
  37 R   0.93705 0.03361 0.02809 0.00125 ( 1)
  38 L   0.90495 0.05821 0.03434 0.00251 ( 1)
  39 F   0.96404 0.00704 0.02866 0.00026 ( 1)
  40 L   0.92489 0.03836 0.03510 0.00165 ( 1)
  41 T   0.84361 0.11779 0.03338 0.00522 ( 1)
  42 W   0.83353 0.12469 0.03594 0.00584 ( 1)
  43 A   0.59081 0.37577 0.01894 0.01448 ( 1)
  44 P   0.95203 0.01591 0.03143 0.00063 ( 1)
  45 D   0.24317 0.65328 0.06061 0.04294 ( 2)
  46 P   0.19893 0.76524 0.00643 0.02940 ( 2)
  47 R   0.00237 0.96048 0.00008 0.03707 ( 2)
  48 N   0.75690 0.21341 0.02177 0.00791 ( 1)
  49 P   0.48396 0.48020 0.01642 0.01942 ( 1)
  50 P   0.36411 0.60130 0.01158 0.02301 ( 2)
  51 N   0.03823 0.92649 0.00115 0.03413 ( 2)
  52 V   0.95526 0.01327 0.03096 0.00052 ( 1)
  53 S   0.37300 0.58939 0.01334 0.02427 ( 2)
  54 Y   0.95115 0.01456 0.03369 0.00060 ( 1)
  55 Q   0.26290 0.70290 0.00803 0.02617 ( 2)
  56 V   0.95012 0.01837 0.03079 0.00072 ( 1)
  57 A   0.02476 0.93589 0.00090 0.03844 ( 2)
  58 Y   0.92775 0.03538 0.03534 0.00153 ( 1)
  59 Y   0.00267 0.95820 0.00010 0.03904 ( 2)
  60 M   0.12653 0.84040 0.00351 0.02956 ( 2)
  61 F   0.05760 0.90418 0.00193 0.03629 ( 2)
  62 I   0.04788 0.91697 0.00144 0.03372 ( 2)
  63 E   0.08693 0.87957 0.00245 0.03105 ( 2)
  64 K   0.29300 0.67119 0.00967 0.02615 ( 2)
  65 K   0.87148 0.09122 0.03336 0.00394 ( 1)
  66 W   0.83353 0.12469 0.03594 0.00584 ( 1)
  67 N   0.36239 0.60181 0.01205 0.02376 ( 2)
  68 K   0.00022 0.88129 0.00018 0.11831 ( 2)
  69 -   0.69760 0.26934 0.02254 0.01053 ( 1)
  70 K   0.43231 0.53302 0.01404 0.02063 ( 2)
  71 N   0.00188 0.90184 0.00088 0.09540 ( 2)
  72 C   0.95225 0.01514 0.03201 0.00060 ( 1)
  73 R   0.07211 0.89292 0.00215 0.03282 ( 2)
  74 N   0.96780 0.00462 0.02742 0.00017 ( 1)
  75 I   0.83019 0.13533 0.02891 0.00557 ( 1)
  76 T   0.76615 0.19657 0.02887 0.00842 ( 1)
  77 G   0.04077 0.91960 0.00166 0.03797 ( 2)
  78 K   0.89033 0.07800 0.02863 0.00304 ( 1)
  79 E   0.53007 0.08981 0.36946 0.01066 ( 1)
  80 C   0.95611 0.01127 0.03217 0.00045 ( 1)
  81 D   0.15959 0.74028 0.04453 0.05560 ( 2)
  82 L   0.26381 0.70308 0.00768 0.02543 ( 2)
  83 T   0.93365 0.03113 0.03391 0.00131 ( 1)
  84 C   0.95225 0.01514 0.03201 0.00060 ( 1)
  85 L   0.01348 0.88824 0.00742 0.09086 ( 2)
  86 F   0.61656 0.34523 0.02340 0.01481 ( 1)
  87 Y   0.17710 0.77958 0.00753 0.03579 ( 2)
  88 T   0.14270 0.82411 0.00402 0.02917 ( 2)
  89 H   0.00195 0.95831 0.00007 0.03967 ( 2)
  90 N   0.18472 0.77864 0.00606 0.03059 ( 2)
  91 Y   0.62029 0.34373 0.02191 0.01406 ( 1)
  92 I   0.00074 0.89968 0.00036 0.09922 ( 2)
  93 V   0.95526 0.01327 0.03096 0.00052 ( 1)
  94 G   0.02642 0.92883 0.00117 0.04359 ( 2)
  95 V   0.90658 0.05464 0.03633 0.00244 ( 1)
  96 R   0.22975 0.72842 0.00934 0.03249 ( 2)
  97 T   0.33276 0.63436 0.00979 0.02308 ( 2)
  98 K   0.02415 0.93777 0.00083 0.03725 ( 2)
  99 F   0.49654 0.24084 0.24085 0.02177 ( 1)
 100 G   0.11266 0.85134 0.00358 0.03242 ( 2)
 101 S   0.79571 0.16725 0.02988 0.00716 ( 1)
 102 S   0.00070 0.95487 0.00003 0.04440 ( 2)
 103 M   0.42355 0.54218 0.01349 0.02078 ( 2)
 104 S   0.93885 0.02959 0.03040 0.00116 ( 1)
 105 K   0.04232 0.91603 0.00187 0.03978 ( 2)
 106 W   0.83353 0.12469 0.03594 0.00584 ( 1)
 107 E   0.55787 0.40980 0.01697 0.01536 ( 1)
 108 E   0.24961 0.70800 0.01018 0.03222 ( 2)
 109 I   0.62101 0.34795 0.01819 0.01285 ( 1)
 110 K   0.02193 0.85576 0.01469 0.10762 ( 2)
 111 D   0.95415 0.01817 0.02702 0.00066 ( 1)
 112 I   0.96257 0.00818 0.02894 0.00031 ( 1)
 113 S   0.00393 0.95748 0.00014 0.03845 ( 2)
 114 Y   0.92075 0.04234 0.03508 0.00183 ( 1)
 115 I   0.11205 0.74141 0.06572 0.08082 ( 2)
 116 F   0.72064 0.24896 0.02123 0.00917 ( 1)
 117 T   0.95527 0.01342 0.03079 0.00053 ( 1)
 118 V   0.89330 0.06787 0.03579 0.00303 ( 1)
 119 D   0.91294 0.05864 0.02628 0.00214 ( 1)
 120 P   0.94840 0.01802 0.03285 0.00073 ( 1)
 121 E   0.74131 0.22498 0.02475 0.00897 ( 1)
 122 A   0.86194 0.10555 0.02836 0.00415 ( 1)
 123 P   0.94820 0.01824 0.03281 0.00074 ( 1)
 124 T   0.17001 0.79613 0.00493 0.02892 ( 2)
 125 L   0.69169 0.27035 0.02631 0.01164 ( 1)
 126 E   0.63304 0.33519 0.01920 0.01258 ( 1)
 127 V   0.95526 0.01327 0.03096 0.00052 ( 1)
 128 K   0.51233 0.45519 0.01548 0.01700 ( 1)
 129 F   0.01161 0.94984 0.00041 0.03814 ( 2)
 130 V   0.78119 0.18365 0.02762 0.00754 ( 1)
 131 D   0.79115 0.17918 0.02305 0.00662 ( 1)
 132 K   0.07382 0.88984 0.00239 0.03396 ( 2)
 133 S   0.00482 0.96037 0.00014 0.03467 ( 2)
 134 M   0.03674 0.92642 0.00118 0.03567 ( 2)
 135 Y   0.07660 0.88738 0.00242 0.03360 ( 2)
 136 I   0.51898 0.44843 0.01579 0.01680 ( 1)
 137 N   0.37780 0.59052 0.01054 0.02114 ( 2)
 138 A   0.00266 0.94397 0.00053 0.05285 ( 2)
 139 A   0.00738 0.95616 0.00024 0.03623 ( 2)
 140 V   0.00068 0.95962 0.00003 0.03968 ( 2)
 141 K   0.01267 0.94869 0.00045 0.03820 ( 2)
 142 T   0.00318 0.95363 0.00017 0.04302 ( 2)
 143 P   0.94712 0.01933 0.03277 0.00079 ( 1)
 144 H   0.00006 0.95257 0.00000 0.04737 ( 2)
 145 C   0.92056 0.04188 0.03573 0.00183 ( 1)
 146 I   0.05754 0.90379 0.00203 0.03664 ( 2)
 147 K   0.00343 0.95871 0.00012 0.03774 ( 2)
 148 D   0.00094 0.96047 0.00003 0.03856 ( 2)
 149 I   0.01608 0.94576 0.00055 0.03761 ( 2)
 150 Y   0.11063 0.85168 0.00379 0.03390 ( 2)
 151 -   0.75766 0.21216 0.02235 0.00783 ( 1)
 152 -   0.00027 0.90702 0.00012 0.09259 ( 2)
 153 -   0.43336 0.52808 0.01604 0.02251 ( 2)
 154 N   0.01344 0.94691 0.00049 0.03916 ( 2)
 155 L   0.70547 0.25545 0.02783 0.01125 ( 1)
 156 K   0.00766 0.95413 0.00027 0.03795 ( 2)
 157 Y   0.87913 0.08873 0.02865 0.00348 ( 1)
 158 N   0.00199 0.92128 0.00063 0.07610 ( 2)
 159 I   0.76923 0.19182 0.03045 0.00850 ( 1)
 160 E   0.02914 0.86428 0.01576 0.09083 ( 2)
 161 N   0.01742 0.94364 0.00058 0.03836 ( 2)
 162 A   0.07402 0.89264 0.00205 0.03129 ( 2)
 163 P   0.01895 0.94318 0.00064 0.03723 ( 2)
 164 K   0.03496 0.93136 0.00097 0.03271 ( 2)
 165 Q   0.56719 0.39560 0.02070 0.01652 ( 1)
 166 I   0.49758 0.46509 0.01796 0.01937 ( 1)
 167 K   0.71502 0.25294 0.02215 0.00989 ( 1)
 168 F   0.52641 0.43987 0.01682 0.01690 ( 1)
 169 K   0.72897 0.23884 0.02296 0.00923 ( 1)
 170 E   0.80890 0.15593 0.02874 0.00643 ( 1)
 171 V   0.53885 0.42846 0.01657 0.01612 ( 1)
 172 K   0.00185 0.81826 0.00260 0.17729 ( 2)
 173 M   0.15641 0.81023 0.00444 0.02892 ( 2)
 174 N   0.00253 0.94733 0.00012 0.05002 ( 2)
 175 S   0.13109 0.83071 0.00460 0.03359 ( 2)
 176 A   0.37360 0.58818 0.01365 0.02457 ( 2)
 177 V   0.03483 0.93060 0.00101 0.03356 ( 2)
 178 I   0.20810 0.75657 0.00657 0.02877 ( 2)
 179 L   0.00303 0.96104 0.00010 0.03583 ( 2)
 180 D   0.83835 0.13133 0.02539 0.00494 ( 1)
 181 T   0.86605 0.09845 0.03138 0.00412 ( 1)
 182 T   0.62624 0.34055 0.02007 0.01313 ( 1)
 183 G   0.93881 0.02672 0.03337 0.00110 ( 1)
 184 L   0.36000 0.60100 0.01351 0.02550 ( 2)
 185 S   0.83936 0.13031 0.02543 0.00491 ( 1)
 186 G   0.93786 0.02767 0.03333 0.00114 ( 1)
 187 N   0.81708 0.15179 0.02536 0.00577 ( 1)
 188 Y   0.94393 0.02401 0.03111 0.00095 ( 1)
 189 C   0.95652 0.01089 0.03216 0.00043 ( 1)
 190 V   0.17486 0.78760 0.00568 0.03186 ( 2)
 191 E   0.86581 0.10337 0.02688 0.00394 ( 1)
 192 A   0.37032 0.59484 0.01191 0.02293 ( 2)
 193 L   0.15691 0.80881 0.00467 0.02962 ( 2)
 194 T   0.94053 0.02807 0.03030 0.00110 ( 1)
 195 V   0.17067 0.78914 0.00626 0.03393 ( 2)
 196 F   0.51146 0.45688 0.01496 0.01670 ( 1)
 197 T   0.53113 0.43691 0.01575 0.01621 ( 1)
 198 M   0.49125 0.47613 0.01485 0.01778 ( 1)
 199 E   0.00419 0.96172 0.00012 0.03397 ( 2)
 200 Q   0.10064 0.86443 0.00303 0.03191 ( 2)
 201 K   0.00265 0.96327 0.00008 0.03401 ( 2)
 202 K   0.96323 0.00719 0.02930 0.00027 ( 1)
 203 I   0.00011 0.93181 0.00003 0.06805 ( 2)
 204 S   0.94938 0.01649 0.03345 0.00068 ( 1)
 205 Q   0.02262 0.93860 0.00080 0.03799 ( 2)
 206 P   0.15023 0.81234 0.00513 0.03230 ( 2)
 207 S   0.92164 0.04164 0.03493 0.00179 ( 1)
 208 K   0.00007 0.87204 0.00004 0.12785 ( 2)
 209 P   0.95239 0.01536 0.03165 0.00061 ( 1)
 210 F   0.35607 0.61041 0.01078 0.02274 ( 2)
 211 C   0.91779 0.04464 0.03562 0.00195 ( 1)
 212 H   0.38243 0.58141 0.01298 0.02317 ( 2)
 213 L   0.31378 0.65438 0.00870 0.02314 ( 2)
 214 F   0.21343 0.60335 0.11833 0.06489 ( 2)
 215 -   0.16200 0.80339 0.00488 0.02973 ( 2)
 216 -   0.17808 0.78720 0.00543 0.02929 ( 2)
 217 K   0.91646 0.05368 0.02783 0.00203 ( 1)
 218 D   0.96760 0.00435 0.02790 0.00016 ( 1)
 219 E   0.17593 0.78928 0.00537 0.02941 ( 2)
 220 E   0.00026 0.89919 0.00013 0.10041 ( 2)
 221 Y   0.03233 0.92972 0.00107 0.03687 ( 2)
 222 N   0.50163 0.46501 0.01562 0.01774 ( 1)
 223 S   0.01873 0.94456 0.00060 0.03611 ( 2)
 224 G   0.03145 0.93160 0.00102 0.03593 ( 2)
 225 H   0.02364 0.93972 0.00076 0.03589 ( 2)
 226 N   0.00613 0.95922 0.00018 0.03447 ( 2)
 227 W   0.00042 0.95979 0.00002 0.03978 ( 2)
 228 S   0.00627 0.95087 0.00026 0.04259 ( 2)
 229 F   0.01905 0.93445 0.00082 0.04568 ( 2)
 230 A   0.01595 0.94595 0.00055 0.03756 ( 2)
 231 V   0.06631 0.89879 0.00193 0.03296 ( 2)
 232 L   0.00259 0.95226 0.00012 0.04503 ( 2)
 233 I   0.12678 0.83448 0.00446 0.03428 ( 2)
 234 L   0.01355 0.94712 0.00048 0.03885 ( 2)
 235 F   0.00592 0.95729 0.00018 0.03661 ( 2)
 236 P   0.00403 0.95817 0.00013 0.03767 ( 2)
 237 I   0.18376 0.78004 0.00591 0.03029 ( 2)
 238 L   0.21539 0.75062 0.00626 0.02773 ( 2)
 239 L   0.00150 0.83076 0.00156 0.16618 ( 2)
 240 I   0.00808 0.92925 0.00169 0.06098 ( 2)
 241 S   0.03135 0.89266 0.01110 0.06489 ( 2)
 242 G   0.00725 0.92465 0.00336 0.06473 ( 2)
 243 I   0.01581 0.94782 0.00049 0.03588 ( 2)
 244 L   0.20215 0.75801 0.00761 0.03224 ( 2)
 245 L   0.54987 0.41426 0.01892 0.01696 ( 1)
 246 Y   0.17726 0.77941 0.00754 0.03580 ( 2)
 247 T   0.00178 0.89945 0.00107 0.09770 ( 2)
 248 S   0.00283 0.91968 0.00080 0.07669 ( 2)
 249 -   0.40906 0.40211 0.15938 0.02944 ( 1)
 250 -   0.51046 0.45544 0.01627 0.01783 ( 1)
 251 -   0.38624 0.39794 0.18049 0.03532 ( 2)
 252 -   0.88590 0.08398 0.02692 0.00320 ( 1)
 253 -   0.34852 0.61303 0.01272 0.02573 ( 2)
 254 -   0.79951 0.16517 0.02848 0.00684 ( 1)
 255 -   0.02215 0.89339 0.00928 0.07518 ( 2)
 256 -   0.85105 0.11634 0.02801 0.00459 ( 1)
 257 -   0.14648 0.81652 0.00459 0.03242 ( 2)
 258 S   0.06899 0.82763 0.03186 0.07153 ( 2)
 259 P   0.48291 0.47716 0.01899 0.02093 ( 1)
 260 D   0.96022 0.01163 0.02772 0.00043 ( 1)
 261 I   0.12132 0.80403 0.02454 0.05011 ( 2)
 262 L   0.54527 0.41716 0.01999 0.01759 ( 1)
 263 A   0.01439 0.91692 0.00448 0.06421 ( 2)
 264 K   0.00703 0.95148 0.00028 0.04121 ( 2)
 265 Q   0.54248 0.42522 0.01630 0.01601 ( 1)
 266 R   0.03007 0.93303 0.00097 0.03594 ( 2)
 267 G   0.03613 0.92086 0.00149 0.04152 ( 2)
 268 Q   0.14091 0.70345 0.08047 0.07517 ( 2)
 269 L   0.30172 0.66432 0.00907 0.02488 ( 2)
 270 L   0.13707 0.76588 0.04577 0.05127 ( 2)
 271 W   0.00072 0.93973 0.00010 0.05945 ( 2)
 272 I   0.07714 0.88599 0.00254 0.03433 ( 2)
 273 F   0.06530 0.87688 0.00303 0.05479 ( 2)
 274 P   0.92728 0.03891 0.03222 0.00159 ( 1)
 275 D   0.00763 0.95571 0.00024 0.03642 ( 2)
 276 -   0.24587 0.71142 0.01020 0.03251 ( 2)
 277 -   0.34988 0.61375 0.01183 0.02454 ( 2)
 278 -   0.03585 0.86219 0.01872 0.08325 ( 2)
 279 -   0.86606 0.10237 0.02754 0.00403 ( 1)
 280 -   0.01496 0.92149 0.00327 0.06029 ( 2)
 281 -   0.15063 0.81405 0.00457 0.03075 ( 2)
 282 -   0.13149 0.83141 0.00437 0.03273 ( 2)
 283 -   0.43363 0.53189 0.01385 0.02063 ( 2)
 284 -   0.85987 0.10811 0.02779 0.00423 ( 1)
 285 -   0.01394 0.93999 0.00064 0.04543 ( 2)
 286 -   0.58922 0.37907 0.01734 0.01437 ( 1)
 287 -   0.00283 0.87835 0.00217 0.11665 ( 2)
 288 -   0.00377 0.95816 0.00013 0.03795 ( 2)
 289 -   0.48113 0.48425 0.01511 0.01951 ( 2)
 290 -   0.01617 0.93725 0.00070 0.04588 ( 2)
 291 -   0.51793 0.44904 0.01594 0.01709 ( 1)
 292 -   0.78679 0.17290 0.03233 0.00797 ( 1)
 293 -   0.09655 0.86628 0.00318 0.03400 ( 2)
 294 -   0.37645 0.58710 0.01273 0.02373 ( 2)
 295 -   0.37129 0.59035 0.01356 0.02480 ( 2)
 296 -   0.80940 0.15481 0.02929 0.00650 ( 1)
 297 -   0.88590 0.08398 0.02692 0.00320 ( 1)
 298 -   0.14490 0.77528 0.03133 0.04849 ( 2)
 299 -   0.30870 0.64723 0.01347 0.03060 ( 2)
 300 -   0.12716 0.83105 0.00468 0.03711 ( 2)
 301 -   0.49882 0.46669 0.01625 0.01824 ( 1)
 302 -   0.61968 0.35008 0.01740 0.01285 ( 1)
 303 -   0.02791 0.93271 0.00096 0.03841 ( 2)
 304 -   0.01894 0.90721 0.00742 0.06643 ( 2)
 305 -   0.20116 0.73371 0.02808 0.03706 ( 2)
 306 -   0.90770 0.06379 0.02615 0.00236 ( 1)
 307 -   0.81045 0.15450 0.02869 0.00636 ( 1)
 308 -   0.37099 0.59106 0.01335 0.02460 ( 2)
 309 -   0.19092 0.77105 0.00630 0.03173 ( 2)
 310 -   0.86850 0.10186 0.02577 0.00386 ( 1)
 311 -   0.75087 0.21155 0.02846 0.00912 ( 1)
 312 -   0.78311 0.17803 0.03095 0.00792 ( 1)
 313 -   0.39132 0.57201 0.01345 0.02322 ( 2)
 314 -   0.02608 0.91634 0.00470 0.05288 ( 2)
 315 -   0.74223 0.21984 0.02843 0.00950 ( 1)
 316 -   0.80168 0.16309 0.02849 0.00674 ( 1)
 317 -   0.75267 0.20943 0.02884 0.00906 ( 1)
 318 -   0.75087 0.21155 0.02846 0.00912 ( 1)
 319 -   0.90259 0.06813 0.02675 0.00252 ( 1)
 320 -   0.77719 0.18642 0.02854 0.00786 ( 1)
 321 -   0.66299 0.29640 0.02721 0.01340 ( 1)
 322 -   0.75760 0.20452 0.02902 0.00886 ( 1)
 323 -   0.87561 0.09396 0.02682 0.00361 ( 1)
 324 -   0.90259 0.06813 0.02675 0.00252 ( 1)
 325 -   0.42235 0.54075 0.01485 0.02205 ( 2)
 326 -   0.11912 0.77296 0.04866 0.05926 ( 2)
 327 -   0.75212 0.20732 0.03107 0.00950 ( 1)
 328 -   0.08904 0.86654 0.00389 0.04053 ( 2)
 329 -   0.08453 0.87207 0.00355 0.03985 ( 2)
 330 -   0.07791 0.88382 0.00268 0.03558 ( 2)
 331 -   0.88173 0.08856 0.02640 0.00330 ( 1)
 332 -   0.85770 0.10974 0.02818 0.00438 ( 1)
 333 -   0.04882 0.91094 0.00182 0.03842 ( 2)
 334 -   0.08503 0.87698 0.00293 0.03505 ( 2)
 335 -   0.14122 0.82464 0.00414 0.03001 ( 2)
 336 -   0.84193 0.12593 0.02720 0.00494 ( 1)
 337 -   0.75068 0.21149 0.02869 0.00914 ( 1)
 338 -   0.13132 0.83165 0.00439 0.03265 ( 2)
 339 -   0.78808 0.17604 0.02850 0.00738 ( 1)
 340 -   0.31928 0.64102 0.01220 0.02750 ( 2)
 341 -   0.82302 0.14282 0.02837 0.00580 ( 1)
 342 -   0.91015 0.06178 0.02578 0.00228 ( 1)
 343 -   0.85851 0.10957 0.02761 0.00431 ( 1)
 344 -   0.77093 0.19246 0.02844 0.00818 ( 1)
 345 -   0.80460 0.16032 0.02848 0.00660 ( 1)
 346 -   0.77093 0.19246 0.02844 0.00818 ( 1)
 347 -   0.84105 0.12576 0.02817 0.00502 ( 1)
 348 -   0.01696 0.94228 0.00069 0.04007 ( 2)
 349 -   0.10184 0.84609 0.00596 0.04611 ( 2)
 350 -   0.06480 0.35740 0.50043 0.07737 ( 3)
 351 -   0.33648 0.62449 0.01266 0.02637 ( 2)
 352 -   0.12397 0.83803 0.00424 0.03376 ( 2)
 353 -   0.09475 0.79910 0.04225 0.06390 ( 2)
 354 -   0.10408 0.85905 0.00342 0.03344 ( 2)
 355 -   0.24704 0.71174 0.00974 0.03148 ( 2)
 356 -   0.37203 0.59010 0.01337 0.02450 ( 2)
 357 -   0.06746 0.81522 0.03744 0.07988 ( 2)
 358 -   0.39651 0.56656 0.01388 0.02305 ( 2)
 359 -   0.90770 0.06379 0.02615 0.00236 ( 1)
 360 -   0.48615 0.47941 0.01580 0.01864 ( 1)
 361 -   0.37324 0.58963 0.01311 0.02403 ( 2)
 362 -   0.14698 0.81910 0.00426 0.02965 ( 2)
 363 -   0.54467 0.42358 0.01599 0.01576 ( 1)
 364 -   0.78686 0.17589 0.02969 0.00756 ( 1)
 365 -   0.77695 0.18575 0.02932 0.00798 ( 1)
 366 -   0.88931 0.08090 0.02671 0.00308 ( 1)
 367 -   0.19255 0.76252 0.00854 0.03639 ( 2)
 368 -   0.12352 0.83672 0.00438 0.03538 ( 2)
 369 -   0.42365 0.54209 0.01340 0.02086 ( 2)
 370 -   0.58883 0.38063 0.01651 0.01402 ( 1)
 371 -   0.29508 0.66569 0.01100 0.02823 ( 2)
 372 -   0.03570 0.92239 0.00144 0.04048 ( 2)
 373 -   0.01345 0.94405 0.00052 0.04197 ( 2)
 374 -   0.85890 0.10945 0.02726 0.00439 ( 1)
 375 -   0.30181 0.66039 0.01071 0.02709 ( 2)
 376 -   0.41934 0.54152 0.01592 0.02322 ( 2)
 377 -   0.31876 0.64045 0.01272 0.02806 ( 2)
 378 -   0.12809 0.83246 0.00474 0.03471 ( 2)
 379 -   0.83733 0.13062 0.02692 0.00513 ( 1)
 380 -   0.73390 0.22634 0.02944 0.01032 ( 1)
 381 -   0.84185 0.12498 0.02820 0.00497 ( 1)
 382 S   0.89491 0.06888 0.03326 0.00295 ( 1)
 383 A   0.83740 0.13362 0.02406 0.00492 ( 1)
 384 G   0.74165 0.22299 0.02620 0.00917 ( 1)
 385 N   0.67078 0.29716 0.02074 0.01132 ( 1)
 386 C   0.80000 0.16441 0.02871 0.00688 ( 1)
 387 V   0.02520 0.93983 0.00075 0.03423 ( 2)
 388 P   0.04727 0.86355 0.02137 0.06781 ( 2)
 389 Q   0.56522 0.38662 0.02877 0.01939 ( 1)
 390 S   0.03307 0.86996 0.01717 0.07980 ( 2)
 391 F   0.93624 0.03003 0.03247 0.00126 ( 1)

